CC	1990 	1995 	2000 	2005 	2010 	2020 	2030 	2050 	2100 
AGO	66.707 	66.707 	66.707 	66.707 	66.707 	66.707 	66.707 	66.707 	66.707 
ALB	11.652 	11.652 	11.652 	11.652 	11.652 	11.652 	11.652 	11.652 	11.652 
ARE	89.694 	89.694 	89.694 	89.694 	89.694 	89.694 	89.694 	89.694 	89.694 
ARG	341.129 	341.129 	341.129 	341.129 	341.129 	341.129 	341.129 	341.129 	341.129 
ARM	24.152 	24.152 	24.152 	24.152 	24.152 	24.152 	24.152 	24.152 	24.152 
AUS	493.223 	493.223 	493.223 	493.223 	493.223 	493.223 	493.223 	493.223 	493.223 
AUT	80.181 	80.181 	80.181 	80.181 	80.181 	80.181 	80.181 	80.181 	80.181 
AZE	83.667 	83.667 	83.667 	83.667 	83.667 	83.667 	83.667 	83.667 	83.667 
BDI	3.892 	3.892 	3.892 	3.892 	3.892 	3.892 	3.892 	3.892 	3.892 
BEL	159.440 	159.440 	159.440 	159.440 	159.440 	159.440 	159.440 	159.440 	159.440 
BEN	12.434 	12.434 	12.434 	12.434 	12.434 	12.434 	12.434 	12.434 	12.434 
BFA	25.912 	25.912 	25.912 	25.912 	25.912 	25.912 	25.912 	25.912 	25.912 
BGD	147.711 	147.711 	147.711 	147.711 	147.711 	147.711 	147.711 	147.711 	147.711 
BGR	97.100 	97.100 	97.100 	97.100 	97.100 	97.100 	97.100 	97.100 	97.100 
BHR	19.896 	19.896 	19.896 	19.896 	19.896 	19.896 	19.896 	19.896 	19.896 
BHS	2.322 	2.322 	2.322 	2.322 	2.322 	2.322 	2.322 	2.322 	2.322 
BIH	18.375 	18.375 	18.375 	18.375 	18.375 	18.375 	18.375 	18.375 	18.375 
BLR	243.430 	243.430 	243.430 	243.430 	243.430 	243.430 	243.430 	243.430 	243.430 
BLZ	2.568 	2.568 	2.568 	2.568 	2.568 	2.568 	2.568 	2.568 	2.568 
BOL	266.228 	266.228 	266.228 	266.228 	266.228 	266.228 	266.228 	266.228 	266.228 
BRA	2182.763 	2182.763 	2182.763 	2182.763 	2182.763 	2182.763 	2182.763 	2182.763 	2182.763 
BTN	6.941 	6.941 	6.941 	6.941 	6.941 	6.941 	6.941 	6.941 	6.941 
BWA	13.268 	13.268 	13.268 	13.268 	13.268 	13.268 	13.268 	13.268 	13.268 
CAF	52.135 	52.135 	52.135 	52.135 	52.135 	52.135 	52.135 	52.135 	52.135 
CAN	607.132 	607.132 	607.132 	607.132 	607.132 	607.132 	607.132 	607.132 	607.132 
CHE	55.983 	55.983 	55.983 	55.983 	55.983 	55.983 	55.983 	55.983 	55.983 
CHL	85.700 	85.700 	85.700 	85.700 	85.700 	85.700 	85.700 	85.700 	85.700 
CIV	25.769 	25.769 	25.769 	25.769 	25.769 	25.769 	25.769 	25.769 	25.769 
CMR	71.409 	71.409 	71.409 	71.409 	71.409 	71.409 	71.409 	71.409 	71.409 
COD	534.185 	534.185 	534.185 	534.185 	534.185 	534.185 	534.185 	534.185 	534.185 
COG	31.860 	31.860 	31.860 	31.860 	31.860 	31.860 	31.860 	31.860 	31.860 
COL	281.522 	281.522 	281.522 	281.522 	281.522 	281.522 	281.522 	281.522 	281.522 
COM	0.745 	0.745 	0.745 	0.745 	0.745 	0.745 	0.745 	0.745 	0.745 
CPV	0.400 	0.400 	0.400 	0.400 	0.400 	0.400 	0.400 	0.400 	0.400 
CRI	33.148 	33.148 	33.148 	33.148 	33.148 	33.148 	33.148 	33.148 	33.148 
CYP	6.028 	6.028 	6.028 	6.028 	6.028 	6.028 	6.028 	6.028 	6.028 
CZE	193.221 	193.221 	193.221 	193.221 	193.221 	193.221 	193.221 	193.221 	193.221 
DEU	1274.124 	1274.124 	1274.124 	1274.124 	1274.124 	1274.124 	1274.124 	1274.124 	1274.124 
DJI	1.700 	1.700 	1.700 	1.700 	1.700 	1.700 	1.700 	1.700 	1.700 
DNK	71.958 	71.958 	71.958 	71.958 	71.958 	71.958 	71.958 	71.958 	71.958 
DOM	28.451 	28.451 	28.451 	28.451 	28.451 	28.451 	28.451 	28.451 	28.451 
DZA	111.854 	111.854 	111.854 	111.854 	111.854 	111.854 	111.854 	111.854 	111.854 
ECU	142.283 	142.283 	142.283 	142.283 	142.283 	142.283 	142.283 	142.283 	142.283 
EGY	136.560 	136.560 	136.560 	136.560 	136.560 	136.560 	136.560 	136.560 	136.560 
ERI	4.247 	4.247 	4.247 	4.247 	4.247 	4.247 	4.247 	4.247 	4.247 
ESP	318.454 	318.454 	318.454 	318.454 	318.454 	318.454 	318.454 	318.454 	318.454 
EST	60.141 	60.141 	60.141 	60.141 	60.141 	60.141 	60.141 	60.141 	60.141 
ETH	118.877 	118.877 	118.877 	118.877 	118.877 	118.877 	118.877 	118.877 	118.877 
FIN	77.071 	77.071 	77.071 	77.071 	77.071 	77.071 	77.071 	77.071 	77.071 
FJI	4.256 	4.256 	4.256 	4.256 	4.256 	4.256 	4.256 	4.256 	4.256 
FRA	568.567 	568.567 	568.567 	568.567 	568.567 	568.567 	568.567 	568.567 	568.567 
FSM	0.204 	0.204 	0.204 	0.204 	0.204 	0.204 	0.204 	0.204 	0.204 
GAB	81.639 	81.639 	81.639 	81.639 	81.639 	81.639 	81.639 	81.639 	81.639 
GBR	759.356 	759.356 	759.356 	759.356 	759.356 	759.356 	759.356 	759.356 	759.356 
GEO	26.893 	26.893 	26.893 	26.893 	26.893 	26.893 	26.893 	26.893 	26.893 
GHA	41.841 	41.841 	41.841 	41.841 	41.841 	41.841 	41.841 	41.841 	41.841 
GIN	26.017 	26.017 	26.017 	26.017 	26.017 	26.017 	26.017 	26.017 	26.017 
GMB	1.641 	1.641 	1.641 	1.641 	1.641 	1.641 	1.641 	1.641 	1.641 
GNB	4.536 	4.536 	4.536 	4.536 	4.536 	4.536 	4.536 	4.536 	4.536 
GNQ	6.540 	6.540 	6.540 	6.540 	6.540 	6.540 	6.540 	6.540 	6.540 
GRC	108.339 	108.339 	108.339 	108.339 	108.339 	108.339 	108.339 	108.339 	108.339 
GTM	52.507 	52.507 	52.507 	52.507 	52.507 	52.507 	52.507 	52.507 	52.507 
GUY	9.883 	9.883 	9.883 	9.883 	9.883 	9.883 	9.883 	9.883 	9.883 
HND	43.248 	43.248 	43.248 	43.248 	43.248 	43.248 	43.248 	43.248 	43.248 
HRV	43.635 	43.635 	43.635 	43.635 	43.635 	43.635 	43.635 	43.635 	43.635 
HTI	7.376 	7.376 	7.376 	7.376 	7.376 	7.376 	7.376 	7.376 	7.376 
HUN	101.827 	101.827 	101.827 	101.827 	101.827 	101.827 	101.827 	101.827 	101.827 
IDN	1044.284 	1044.284 	1044.284 	1044.284 	1044.284 	1044.284 	1044.284 	1044.284 	1044.284 
IND	1673.163 	1673.163 	1673.163 	1673.163 	1673.163 	1673.163 	1673.163 	1673.163 	1673.163 
IRL	56.957 	56.957 	56.957 	56.957 	56.957 	56.957 	56.957 	56.957 	56.957 
IRN	356.352 	356.352 	356.352 	356.352 	356.352 	356.352 	356.352 	356.352 	356.352 
ISL	3.771 	3.771 	3.771 	3.771 	3.771 	3.771 	3.771 	3.771 	3.771 
ITA	530.698 	530.698 	530.698 	530.698 	530.698 	530.698 	530.698 	530.698 	530.698 
JAM	19.821 	19.821 	19.821 	19.821 	19.821 	19.821 	19.821 	19.821 	19.821 
JOR	13.412 	13.412 	13.412 	13.412 	13.412 	13.412 	13.412 	13.412 	13.412 
KAZ	273.904 	273.904 	273.904 	273.904 	273.904 	273.904 	273.904 	273.904 	273.904 
KEN	54.732 	54.732 	54.732 	54.732 	54.732 	54.732 	54.732 	54.732 	54.732 
KGZ	21.890 	21.890 	21.890 	21.890 	21.890 	21.890 	21.890 	21.890 	21.890 
KHM	89.497 	89.497 	89.497 	89.497 	89.497 	89.497 	89.497 	89.497 	89.497 
KOR	313.037 	313.037 	313.037 	313.037 	313.037 	313.037 	313.037 	313.037 	313.037 
KWT	39.701 	39.701 	39.701 	39.701 	39.701 	39.701 	39.701 	39.701 	39.701 
LAO	80.546 	80.546 	80.546 	80.546 	80.546 	80.546 	80.546 	80.546 	80.546 
LBN	10.419 	10.419 	10.419 	10.419 	10.419 	10.419 	10.419 	10.419 	10.419 
LBR	18.249 	18.249 	18.249 	18.249 	18.249 	18.249 	18.249 	18.249 	18.249 
LCA	0.247 	0.247 	0.247 	0.247 	0.247 	0.247 	0.247 	0.247 	0.247 
LKA	27.166 	27.166 	27.166 	27.166 	27.166 	27.166 	27.166 	27.166 	27.166 
LSO	2.879 	2.879 	2.879 	2.879 	2.879 	2.879 	2.879 	2.879 	2.879 
LTU	128.386 	128.386 	128.386 	128.386 	128.386 	128.386 	128.386 	128.386 	128.386 
LUX	13.400 	13.400 	13.400 	13.400 	13.400 	13.400 	13.400 	13.400 	13.400 
LVA	39.659 	39.659 	39.659 	39.659 	39.659 	39.659 	39.659 	39.659 	39.659 
MAR	53.839 	53.839 	53.839 	53.839 	53.839 	53.839 	53.839 	53.839 	53.839 
MDA	54.611 	54.611 	54.611 	54.611 	54.611 	54.611 	54.611 	54.611 	54.611 
MDG	66.744 	66.744 	66.744 	66.744 	66.744 	66.744 	66.744 	66.744 	66.744 
MDV	0.142 	0.142 	0.142 	0.142 	0.142 	0.142 	0.142 	0.142 	0.142 
MEX	601.257 	601.257 	601.257 	601.257 	601.257 	601.257 	601.257 	601.257 	601.257 
MKD	12.658 	12.658 	12.658 	12.658 	12.658 	12.658 	12.658 	12.658 	12.658 
MLI	41.820 	41.820 	41.820 	41.820 	41.820 	41.820 	41.820 	41.820 	41.820 
MLT	2.719 	2.719 	2.719 	2.719 	2.719 	2.719 	2.719 	2.719 	2.719 
MNG	19.837 	19.837 	19.837 	19.837 	19.837 	19.837 	19.837 	19.837 	19.837 
MOZ	42.093 	42.093 	42.093 	42.093 	42.093 	42.093 	42.093 	42.093 	42.093 
MRT	12.969 	12.969 	12.969 	12.969 	12.969 	12.969 	12.969 	12.969 	12.969 
MUS	2.305 	2.305 	2.305 	2.305 	2.305 	2.305 	2.305 	2.305 	2.305 
MWI	26.508 	26.508 	26.508 	26.508 	26.508 	26.508 	26.508 	26.508 	26.508 
MYS	373.824 	373.824 	373.824 	373.824 	373.824 	373.824 	373.824 	373.824 	373.824 
NAM	13.388 	13.388 	13.388 	13.388 	13.388 	13.388 	13.388 	13.388 	13.388 
NCL	1.615 	1.615 	1.615 	1.615 	1.615 	1.615 	1.615 	1.615 	1.615 
NER	11.524 	11.524 	11.524 	11.524 	11.524 	11.524 	11.524 	11.524 	11.524 
NGA	223.271 	223.271 	223.271 	223.271 	223.271 	223.271 	223.271 	223.271 	223.271 
NIC	77.752 	77.752 	77.752 	77.752 	77.752 	77.752 	77.752 	77.752 	77.752 
NLD	259.243 	259.243 	259.243 	259.243 	259.243 	259.243 	259.243 	259.243 	259.243 
NOR	64.617 	64.617 	64.617 	64.617 	64.617 	64.617 	64.617 	64.617 	64.617 
NPL	62.991 	62.991 	62.991 	62.991 	62.991 	62.991 	62.991 	62.991 	62.991 
NZL	88.188 	88.188 	88.188 	88.188 	88.188 	88.188 	88.188 	88.188 	88.188 
OMN	13.123 	13.123 	13.123 	13.123 	13.123 	13.123 	13.123 	13.123 	13.123 
PAK	244.218 	244.218 	244.218 	244.218 	244.218 	244.218 	244.218 	244.218 	244.218 
PAN	48.218 	48.218 	48.218 	48.218 	48.218 	48.218 	48.218 	48.218 	48.218 
PER	197.334 	197.334 	197.334 	197.334 	197.334 	197.334 	197.334 	197.334 	197.334 
PHL	279.476 	279.476 	279.476 	279.476 	279.476 	279.476 	279.476 	279.476 	279.476 
PNG	69.101 	69.101 	69.101 	69.101 	69.101 	69.101 	69.101 	69.101 	69.101 
POL	493.874 	493.874 	493.874 	493.874 	493.874 	493.874 	493.874 	493.874 	493.874 
PRI	8.837 	8.837 	8.837 	8.837 	8.837 	8.837 	8.837 	8.837 	8.837 
PRT	62.881 	62.881 	62.881 	62.881 	62.881 	62.881 	62.881 	62.881 	62.881 
PRY	81.007 	81.007 	81.007 	81.007 	81.007 	81.007 	81.007 	81.007 	81.007 
PYF	0.516 	0.516 	0.516 	0.516 	0.516 	0.516 	0.516 	0.516 	0.516 
RUS	3525.559 	3525.559 	3525.559 	3525.559 	3525.559 	3525.559 	3525.559 	3525.559 	3525.559 
RWA	6.748 	6.748 	6.748 	6.748 	6.748 	6.748 	6.748 	6.748 	6.748 
SAU	276.258 	276.258 	276.258 	276.258 	276.258 	276.258 	276.258 	276.258 	276.258 
SDN	157.512 	157.512 	157.512 	157.512 	157.512 	157.512 	157.512 	157.512 	157.512 
SEN	24.695 	24.695 	24.695 	24.695 	24.695 	24.695 	24.695 	24.695 	24.695 
SGP	71.607 	71.607 	71.607 	71.607 	71.607 	71.607 	71.607 	71.607 	71.607 
SLB	2.819 	2.819 	2.819 	2.819 	2.819 	2.819 	2.819 	2.819 	2.819 
SLE	13.081 	13.081 	13.081 	13.081 	13.081 	13.081 	13.081 	13.081 	13.081 
SLV	9.149 	9.149 	9.149 	9.149 	9.149 	9.149 	9.149 	9.149 	9.149 
STP	0.141 	0.141 	0.141 	0.141 	0.141 	0.141 	0.141 	0.141 	0.141 
SUR	10.713 	10.713 	10.713 	10.713 	10.713 	10.713 	10.713 	10.713 	10.713 
SVK	69.146 	69.146 	69.146 	69.146 	69.146 	69.146 	69.146 	69.146 	69.146 
SVN	16.216 	16.216 	16.216 	16.216 	16.216 	16.216 	16.216 	16.216 	16.216 
SWE	76.163 	76.163 	76.163 	76.163 	76.163 	76.163 	76.163 	76.163 	76.163 
SWZ	2.755 	2.755 	2.755 	2.755 	2.755 	2.755 	2.755 	2.755 	2.755 
SYR	57.004 	57.004 	57.004 	57.004 	57.004 	57.004 	57.004 	57.004 	57.004 
TCD	31.627 	31.627 	31.627 	31.627 	31.627 	31.627 	31.627 	31.627 	31.627 
TGO	8.771 	8.771 	8.771 	8.771 	8.771 	8.771 	8.771 	8.771 	8.771 
THA	324.815 	324.815 	324.815 	324.815 	324.815 	324.815 	324.815 	324.815 	324.815 
TJK	12.518 	12.518 	12.518 	12.518 	12.518 	12.518 	12.518 	12.518 	12.518 
TKM	89.915 	89.915 	89.915 	89.915 	89.915 	89.915 	89.915 	89.915 	89.915 
TON	0.174 	0.174 	0.174 	0.174 	0.174 	0.174 	0.174 	0.174 	0.174 
TTO	19.171 	19.171 	19.171 	19.171 	19.171 	19.171 	19.171 	19.171 	19.171 
TUN	24.950 	24.950 	24.950 	24.950 	24.950 	24.950 	24.950 	24.950 	24.950 
TUR	227.737 	227.737 	227.737 	227.737 	227.737 	227.737 	227.737 	227.737 	227.737 
TZA	103.730 	103.730 	103.730 	103.730 	103.730 	103.730 	103.730 	103.730 	103.730 
UGA	28.938 	28.938 	28.938 	28.938 	28.938 	28.938 	28.938 	28.938 	28.938 
UKR	1040.797 	1040.797 	1040.797 	1040.797 	1040.797 	1040.797 	1040.797 	1040.797 	1040.797 
URY	34.507 	34.507 	34.507 	34.507 	34.507 	34.507 	34.507 	34.507 	34.507 
USA	6559.850 	6559.850 	6559.850 	6559.850 	6559.850 	6559.850 	6559.850 	6559.850 	6559.850 
UZB	124.049 	124.049 	124.049 	124.049 	124.049 	124.049 	124.049 	124.049 	124.049 
VCT	0.134 	0.134 	0.134 	0.134 	0.134 	0.134 	0.134 	0.134 	0.134 
VEN	433.686 	433.686 	433.686 	433.686 	433.686 	433.686 	433.686 	433.686 	433.686 
VNM	163.401 	163.401 	163.401 	163.401 	163.401 	163.401 	163.401 	163.401 	163.401 
VUT	5.573 	5.573 	5.573 	5.573 	5.573 	5.573 	5.573 	5.573 	5.573 
WSM	1.367 	1.367 	1.367 	1.367 	1.367 	1.367 	1.367 	1.367 	1.367 
YEM	18.289 	18.289 	18.289 	18.289 	18.289 	18.289 	18.289 	18.289 	18.289 
ZAF	370.267 	370.267 	370.267 	370.267 	370.267 	370.267 	370.267 	370.267 	370.267 
ZMB	72.628 	72.628 	72.628 	72.628 	72.628 	72.628 	72.628 	72.628 	72.628 
ZWE	46.536 	46.536 	46.536 	46.536 	46.536 	46.536 	46.536 	46.536 	46.536 
PRK	157.843 	157.843 	157.843 	157.843 	157.843 	157.843 	157.843 	157.843 	157.843 
LBY	52.390 	52.390 	52.390 	52.390 	52.390 	52.390 	52.390 	52.390 	52.390 
IRQ	89.291 	89.291 	89.291 	89.291 	89.291 	89.291 	89.291 	89.291 	89.291 
ROM	257.854 	257.854 	257.854 	257.854 	257.854 	257.854 	257.854 	257.854 	257.854 
JPN	1268.254 	1268.254 	1268.254 	1268.254 	1268.254 	1268.254 	1268.254 	1268.254 	1268.254 
CHN	4157.004 	4157.004 	4157.004 	4157.004 	4157.004 	4157.004 	4157.004 	4157.004 	4157.004 
YUG	112.468 	112.468 	112.468 	112.468 	112.468 	112.468 	112.468 	112.468 	112.468 
ISR	41.022 	41.022 	41.022 	41.022 	41.022 	41.022 	41.022 	41.022 	41.022 
o_AFRICA	48.133 	48.133 	48.133 	48.133 	48.133 	48.133 	48.133 	48.133 	48.133 
o_LA	28.499 	28.499 	28.499 	28.499 	28.499 	28.499 	28.499 	28.499 	28.499 
o_ME	67.314 	67.314 	67.314 	67.314 	67.314 	67.314 	67.314 	67.314 	67.314 
o_W-OECD	16.917 	16.917 	16.917 	16.917 	16.917 	16.917 	16.917 	16.917 	16.917 
o_SEA1	17.430 	17.430 	17.430 	17.430 	17.430 	17.430 	17.430 	17.430 	17.430 
o_SEA2	61.625 	61.625 	61.625 	61.625 	61.625 	61.625 	61.625 	61.625 	61.625 
o_SEA3	249.813 	249.813 	249.813 	249.813 	249.813 	249.813 	249.813 	249.813 	249.813 
