CC	1990 	1995 	2000 	2005 	2010 	2020 	2030 	2050 	2100 
AGO	66.707 	74.297 	776.325 	781.592 	786.702 	792.757 	811.826 	908.812 	986.079 
ALB	11.652 	6.640 	7.944 	10.626 	13.768 	20.180 	26.553 	41.517 	48.116 
ARE	89.694 	126.376 	147.140 	178.440 	201.912 	233.760 	253.449 	348.520 	90.011 
ARG	341.129 	325.412 	327.101 	333.546 	341.543 	363.740 	373.410 	453.920 	325.163 
ARM	24.152 	10.977 	9.479 	11.655 	14.183 	18.808 	22.669 	30.553 	26.894 
AUS	493.223 	505.747 	589.394 	609.000 	627.696 	660.565 	660.174 	562.415 	279.141 
AUT	80.181 	81.467 	83.960 	87.358 	91.048 	94.472 	94.159 	89.768 	57.983 
AZE	83.667 	129.731 	118.995 	127.432 	139.420 	156.761 	166.641 	189.037 	139.612 
BDI	3.892 	4.049 	3.934 	5.842 	8.526 	14.718 	25.609 	79.591 	175.437 
BEL	159.440 	165.783 	173.752 	178.337 	182.485 	183.167 	176.134 	154.446 	80.655 
BEN	12.434 	12.517 	67.742 	70.069 	72.717 	77.876 	87.240 	128.016 	174.717 
BFA	25.912 	27.793 	23.008 	26.882 	30.976 	38.483 	53.803 	122.451 	251.872 
BGD	147.711 	162.418 	222.760 	286.971 	371.056 	580.561 	845.540 	1390.980 	1642.204 
BGR	97.100 	138.786 	101.271 	103.044 	105.484 	103.406 	98.069 	92.724 	58.815 
BHR	19.896 	19.146 	22.519 	24.218 	26.193 	28.777 	29.706 	39.767 	12.996 
BHS	2.322 	2.346 	1.111 	1.238 	1.378 	1.673 	1.911 	2.819 	2.657 
BIH	18.375 	15.009 	47.405 	51.693 	55.390 	57.550 	57.648 	59.649 	38.184 
BLR	243.430 	99.393 	80.934 	86.297 	92.182 	97.911 	100.367 	108.709 	83.454 
BLZ	2.568 	2.913 	18.880 	19.031 	19.162 	19.483 	19.748 	20.727 	20.207 
BOL	266.228 	261.034 	687.244 	690.739 	693.680 	702.088 	708.748 	735.184 	726.644 
BRA	2182.763 	1964.928 	3412.359 	3471.513 	3527.396 	3658.363 	3751.759 	4165.100 	3848.787 
BTN	6.941 	5.263 	1.589 	1.976 	2.363 	3.266 	4.236 	5.855 	7.128 
BWA	13.268 	13.126 	9.776 	9.680 	9.604 	8.851 	9.260 	13.308 	11.708 
CAF	52.135 	52.588 	138.567 	138.229 	138.042 	136.229 	137.286 	150.195 	149.932 
CAN	607.132 	708.521 	753.976 	783.276 	813.333 	854.774 	852.104 	790.376 	321.707 
CHE	55.983 	56.126 	54.383 	57.591 	61.165 	66.622 	70.147 	75.271 	56.874 
CHL	85.700 	87.996 	87.778 	93.282 	98.982 	110.860 	118.175 	151.639 	129.554 
CIV	25.769 	17.231 	387.694 	390.662 	394.200 	400.178 	413.148 	470.232 	519.034 
CMR	71.409 	74.044 	110.451 	114.404 	118.168 	123.433 	135.605 	190.215 	233.447 
COD	534.185 	540.357 	1238.690 	1253.690 	1272.948 	1311.708 	1389.958 	1753.056 	2231.778 
COG	31.860 	36.061 	82.466 	83.231 	83.920 	85.023 	87.819 	101.214 	118.137 
COL	281.522 	270.457 	354.191 	371.148 	387.879 	425.476 	457.172 	568.803 	587.025 
COM	0.745 	0.690 	0.494 	0.680 	0.898 	1.349 	2.074 	4.943 	9.051 
CPV	0.400 	0.525 	0.537 	0.654 	0.787 	1.035 	1.459 	3.093 	4.488 
CRI	33.148 	32.575 	14.757 	16.699 	18.560 	22.680 	26.245 	39.017 	39.113 
CYP	6.028 	7.449 	8.960 	9.629 	10.347 	11.690 	12.468 	13.313 	8.472 
CZE	193.221 	149.000 	147.917 	154.665 	163.171 	169.445 	169.451 	176.863 	107.964 
DEU	1274.124 	1164.062 	1147.537 	1162.147 	1174.687 	1158.420 	1093.047 	937.367 	555.183 
DJI	1.700 	1.763 	1.811 	1.964 	2.115 	2.303 	2.889 	5.339 	7.902 
DNK	71.958 	79.460 	71.817 	73.635 	75.471 	76.355 	74.670 	68.147 	41.712 
DOM	28.451 	30.146 	29.058 	32.936 	37.170 	46.572 	54.793 	82.407 	82.852 
DZA	111.854 	125.715 	132.157 	139.170 	147.997 	156.769 	178.035 	255.010 	202.984 
ECU	142.283 	135.237 	45.080 	48.981 	53.146 	64.166 	73.634 	107.215 	111.836 
EGY	136.560 	152.919 	199.202 	218.809 	241.175 	272.940 	330.286 	530.891 	547.585 
ERI	4.247 	4.504 	5.102 	6.511 	7.939 	10.651 	15.154 	35.257 	61.319 
ESP	318.454 	349.558 	422.367 	463.462 	492.512 	515.117 	511.175 	491.635 	293.764 
EST	60.141 	21.290 	19.737 	20.228 	20.969 	21.323 	21.091 	22.518 	14.102 
ETH	118.877 	130.185 	112.283 	129.753 	149.345 	185.121 	256.448 	573.978 	1040.671 
FIN	77.071 	79.050 	71.983 	73.422 	75.438 	77.265 	75.188 	67.789 	40.476 
FJI	4.256 	4.343 	2.255 	2.530 	2.882 	3.578 	4.409 	5.564 	5.155 
FRA	568.567 	558.260 	593.929 	624.134 	654.856 	689.983 	702.162 	703.112 	519.116 
FSM	0.204 	0.219 	0.206 	0.254 	0.315 	0.438 	0.582 	0.794 	0.911 
GAB	81.639 	73.589 	14.386 	14.588 	14.775 	14.197 	14.730 	19.208 	15.096 
GBR	759.356 	716.025 	716.826 	742.564 	771.998 	812.480 	819.786 	801.103 	542.656 
GEO	26.893 	8.395 	11.982 	14.934 	18.184 	23.865 	28.693 	37.719 	38.121 
GHA	41.841 	43.130 	69.475 	74.710 	80.315 	90.242 	107.703 	176.321 	243.322 
GIN	26.017 	25.559 	135.045 	136.479 	138.394 	143.079 	152.400 	194.822 	236.880 
GMB	1.641 	1.648 	1.636 	2.058 	2.514 	3.389 	4.905 	11.157 	18.219 
GNB	4.536 	3.936 	2.403 	2.837 	3.337 	4.473 	6.756 	17.374 	34.328 
GNQ	6.540 	7.614 	0.458 	0.575 	0.715 	1.036 	1.559 	3.670 	6.496 
GRC	108.339 	115.517 	132.181 	135.034 	138.676 	140.950 	136.772 	124.852 	67.211 
GTM	52.507 	55.187 	108.468 	114.043 	120.693 	138.366 	157.854 	223.920 	279.041 
GUY	9.883 	6.898 	16.601 	16.607 	16.555 	16.513 	16.405 	16.151 	15.314 
HND	43.248 	42.658 	13.381 	15.983 	19.015 	26.747 	34.743 	61.134 	81.221 
HRV	43.635 	59.226 	67.851 	71.415 	74.833 	75.460 	74.014 	75.093 	52.570 
HTI	7.376 	7.643 	9.999 	12.932 	16.293 	24.864 	34.498 	68.301 	100.123 
HUN	101.827 	82.030 	80.411 	87.131 	94.581 	103.927 	110.873 	131.875 	108.932 
IDN	1044.284 	1121.406 	1191.360 	1312.973 	1464.797 	1751.874 	2051.118 	2490.737 	2248.249 
IND	1673.163 	1942.294 	2361.789 	2946.966 	3697.771 	5293.686 	7037.778 	10019.721 	9835.818 
IRL	56.957 	62.155 	59.486 	64.792 	71.022 	78.009 	81.028 	82.937 	45.385 
IRN	356.352 	413.472 	490.090 	526.996 	589.315 	721.126 	825.854 	1359.832 	1109.444 
ISL	3.771 	3.193 	3.677 	3.898 	4.102 	4.383 	4.447 	4.275 	2.619 
ITA	530.698 	541.647 	573.830 	596.796 	617.961 	627.901 	610.953 	565.265 	333.918 
JAM	19.821 	18.738 	13.672 	14.403 	15.127 	16.479 	16.989 	20.147 	16.675 
JOR	13.412 	18.039 	19.264 	24.309 	31.455 	43.187 	56.379 	114.410 	126.425 
KAZ	273.904 	260.383 	174.977 	188.733 	208.888 	237.900 	257.032 	313.398 	228.162 
KEN	54.732 	53.612 	54.734 	63.585 	74.135 	93.821 	129.194 	280.570 	385.456 
KGZ	21.890 	12.435 	12.018 	16.735 	22.470 	34.554 	47.016 	78.243 	96.503 
KHM	89.497 	98.005 	40.339 	48.796 	60.042 	92.278 	133.403 	210.690 	255.358 
KOR	313.037 	471.479 	520.461 	576.820 	644.575 	701.982 	701.844 	558.450 	209.740 
KWT	39.701 	40.594 	55.355 	65.052 	73.055 	85.934 	94.741 	138.606 	57.681 
LAO	80.546 	87.396 	99.094 	103.149 	108.384 	122.391 	138.804 	163.105 	166.470 
LBN	10.419 	18.627 	18.308 	20.774 	23.881 	29.935 	35.464 	62.172 	56.574 
LBR	18.249 	18.366 	19.519 	20.261 	21.749 	24.484 	29.661 	53.974 	90.752 
LCA	0.247 	0.274 	0.231 	0.280 	0.338 	0.469 	0.597 	1.032 	1.273 
LKA	27.166 	28.632 	29.362 	36.563 	45.847 	64.459 	82.475 	104.702 	102.036 
LSO	2.879 	2.973 	3.051 	3.276 	3.456 	3.647 	4.346 	7.507 	12.311 
LTU	128.386 	26.852 	27.507 	29.425 	31.524 	34.158 	35.880 	41.254 	39.181 
LUX	13.400 	10.328 	10.373 	10.820 	11.493 	12.617 	13.241 	13.496 	5.819 
LVA	39.659 	15.331 	12.613 	13.976 	15.578 	17.920 	19.718 	24.511 	21.549 
MAR	53.839 	57.932 	64.779 	69.515 	75.224 	82.944 	99.529 	160.947 	183.714 
MDA	54.611 	19.442 	12.481 	14.755 	17.391 	22.646 	26.987 	35.718 	34.922 
MDG	66.744 	67.173 	179.374 	184.065 	188.996 	197.047 	214.266 	294.224 	398.124 
MDV	0.142 	0.223 	0.220 	0.342 	0.517 	0.955 	1.492 	2.618 	3.887 
MEX	601.257 	614.276 	805.041 	834.042 	875.472 	955.932 	1000.423 	1201.173 	956.816 
MKD	12.658 	12.689 	12.505 	14.188 	16.011 	18.727 	20.804 	25.320 	24.364 
MLI	41.820 	43.860 	49.443 	52.617 	56.244 	62.385 	76.434 	142.803 	250.410 
MLT	2.719 	2.830 	2.651 	2.856 	3.056 	3.418 	3.597 	3.719 	3.249 
MNG	19.837 	22.404 	27.383 	29.411 	31.652 	37.612 	42.679 	45.199 	24.720 
MOZ	42.093 	41.466 	89.234 	93.779 	98.314 	106.661 	122.037 	186.942 	252.887 
MRT	12.969 	13.723 	16.250 	17.438 	18.381 	18.434 	20.794 	32.723 	36.151 
MUS	2.305 	2.858 	2.752 	2.935 	3.122 	3.273 	3.769 	5.537 	5.773 
MWI	26.508 	27.248 	9.046 	12.040 	15.630 	23.590 	36.983 	92.158 	176.235 
MYS	373.824 	412.203 	237.600 	269.220 	307.783 	368.000 	416.347 	459.140 	316.981 
NAM	13.388 	12.741 	8.941 	8.949 	8.883 	8.221 	8.760 	13.149 	14.503 
NCL	1.615 	1.661 	1.592 	1.866 	2.207 	2.731 	3.165 	3.570 	2.124 
NER	11.524 	12.994 	13.533 	17.222 	21.782 	32.680 	54.275 	161.846 	431.518 
NGA	223.271 	250.588 	293.491 	330.076 	370.455 	434.478 	555.410 	1066.733 	1524.359 
NIC	77.752 	86.240 	14.649 	16.432 	18.389 	23.622 	28.579 	44.647 	58.007 
NLD	259.243 	278.534 	279.849 	288.319 	294.320 	295.500 	287.534 	255.621 	131.565 
NOR	64.617 	90.608 	112.820 	115.012 	117.523 	120.223 	117.344 	105.677 	42.751 
NPL	62.991 	66.006 	55.593 	68.434 	85.062 	127.439 	182.680 	301.769 	367.616 
NZL	88.188 	91.232 	94.562 	96.591 	97.563 	98.588 	96.222 	80.980 	49.506 
OMN	13.123 	14.274 	21.291 	22.509 	25.736 	32.868 	39.491 	68.356 	66.403 
PAK	244.218 	284.436 	309.944 	387.938 	493.050 	751.973 	1068.524 	1713.769 	2113.918 
PAN	48.218 	51.212 	14.477 	16.079 	17.765 	21.349 	24.290 	34.932 	32.593 
PER	197.334 	188.725 	140.285 	148.776 	158.025 	182.026 	204.495 	281.613 	310.804 
PHL	279.476 	280.958 	134.556 	178.104 	235.592 	366.858 	519.574 	802.222 	879.874 
PNG	69.101 	75.318 	87.176 	90.014 	93.619 	102.445 	114.220 	139.362 	155.300 
POL	493.874 	473.388 	414.158 	439.953 	469.640 	498.548 	505.730 	528.908 	376.446 
PRI	8.837 	10.259 	9.028 	10.142 	11.338 	13.904 	16.032 	23.609 	23.372 
PRT	62.881 	72.409 	84.450 	89.015 	93.518 	98.302 	97.778 	93.373 	65.834 
PRY	81.007 	75.863 	111.012 	113.517 	115.813 	121.778 	126.916 	145.743 	146.654 
PYF	0.516 	0.509 	0.461 	0.600 	0.774 	1.132 	1.505 	2.128 	2.105 
RUS	3525.559 	2521.097 	2427.289 	2480.917 	2546.375 	2489.681 	2369.502 	2315.797 	1330.143 
RWA	6.748 	5.348 	8.088 	10.235 	13.001 	19.084 	28.570 	68.227 	119.624 
SAU	276.258 	336.124 	462.564 	510.659 	569.648 	674.112 	746.943 	1101.618 	600.097 
SDN	157.512 	152.020 	148.593 	154.615 	162.575 	167.648 	193.018 	319.866 	345.493 
SEN	24.695 	26.957 	21.027 	23.984 	27.224 	32.326 	42.580 	86.298 	129.006 
SGP	71.607 	85.250 	90.370 	104.415 	120.632 	135.452 	139.008 	112.012 	24.524 
SLB	2.819 	2.712 	0.316 	0.518 	0.804 	1.544 	2.539 	4.827 	6.541 
SLE	13.081 	17.935 	39.857 	41.686 	42.941 	45.804 	51.317 	75.918 	96.504 
SLV	9.149 	12.671 	12.318 	14.635 	17.211 	23.342 	29.601 	50.637 	63.711 
STP	0.141 	0.158 	0.165 	0.200 	0.237 	0.317 	0.455 	0.955 	1.503 
SUR	10.713 	10.226 	19.932 	20.013 	20.070 	20.162 	20.139 	20.299 	19.631 
SVK	69.146 	52.605 	46.002 	50.060 	54.916 	61.279 	65.348 	74.813 	59.297 
SVN	16.216 	16.319 	16.456 	18.081 	19.861 	22.053 	23.421 	26.894 	19.689 
SWE	76.163 	79.702 	75.703 	79.062 	83.387 	90.608 	94.583 	99.671 	79.321 
SWZ	2.755 	2.801 	3.152 	3.245 	3.247 	3.082 	3.347 	5.188 	5.919 
SYR	57.004 	70.143 	81.248 	98.982 	121.842 	166.187 	211.027 	415.572 	425.121 
TCD	31.627 	33.303 	21.475 	24.841 	27.703 	32.623 	44.523 	101.455 	175.157 
TGO	8.771 	8.785 	29.676 	31.301 	33.093 	36.344 	42.282 	66.469 	91.289 
THA	324.815 	368.107 	386.525 	423.856 	470.048 	539.703 	593.087 	624.963 	475.837 
TJK	12.518 	12.083 	9.929 	15.732 	23.186 	41.704 	63.816 	123.050 	158.476 
TKM	89.915 	59.470 	62.366 	71.105 	80.867 	95.654 	106.160 	132.280 	101.645 
TON	0.174 	0.196 	0.189 	0.222 	0.269 	0.370 	0.492 	0.707 	0.766 
TTO	19.171 	22.375 	25.245 	24.902 	24.757 	24.403 	22.456 	21.478 	7.303 
TUN	24.950 	27.346 	32.808 	34.254 	35.983 	37.377 	42.204 	60.330 	50.853 
TUR	227.737 	250.698 	302.864 	345.457 	394.264 	491.353 	573.326 	708.532 	742.024 
TZA	103.730 	101.452 	200.354 	209.780 	220.049 	236.612 	271.305 	420.164 	528.722 
UGA	28.938 	30.517 	25.714 	32.981 	42.051 	63.649 	102.563 	275.539 	656.701 
UKR	1040.797 	690.722 	523.065 	536.610 	555.794 	557.079 	541.721 	541.104 	369.953 
URY	34.507 	41.173 	40.334 	38.272 	36.677 	35.482 	33.929 	35.891 	22.173 
USA	6559.850 	6977.846 	7670.823 	7977.654 	8317.436 	8705.039 	8600.514 	8975.883 	7771.827 
UZB	124.049 	173.367 	200.953 	237.028 	280.279 	358.813 	427.684 	604.479 	548.909 
VCT	0.134 	0.146 	0.191 	0.222 	0.256 	0.326 	0.380 	0.515 	0.600 
VEN	433.686 	452.117 	461.982 	479.002 	496.359 	530.771 	549.148 	630.545 	481.597 
VNM	163.401 	183.718 	180.612 	235.334 	305.145 	478.098 	676.018 	970.877 	925.685 
VUT	5.573 	5.490 	0.555 	0.668 	0.814 	1.174 	1.668 	2.739 	3.100 
WSM	1.367 	1.246 	0.345 	0.410 	0.495 	0.676 	0.902 	1.216 	1.542 
YEM	18.289 	20.618 	25.939 	40.844 	60.889 	117.194 	192.043 	547.232 	1179.075 
ZAF	370.267 	385.632 	409.763 	416.608 	415.115 	386.521 	396.039 	455.134 	231.127 
ZMB	72.628 	63.207 	161.840 	163.473 	165.303 	167.996 	176.156 	215.866 	250.605 
ZWE	46.536 	44.275 	38.383 	39.157 	40.600 	42.111 	48.643 	78.225 	82.813 
PRK	157.843 	121.702 	108.615 	127.741 	149.732 	193.218 	230.918 	249.521 	178.690 
LBY	52.390 	56.456 	67.003 	71.013 	75.635 	78.557 	84.362 	102.577 	41.043 
IRQ	89.291 	93.379 	96.389 	118.318 	144.895 	221.035 	306.461 	697.962 	865.310 
ROM	257.854 	176.584 	138.378 	151.820 	166.942 	186.103 	199.484 	230.728 	204.919 
JPN	1268.254 	1365.729 	1336.197 	1391.685 	1447.746 	1505.279 	1442.658 	1126.674 	848.333 
CHN	4157.004 	5328.437 	5475.564 	6528.419 	7803.835 	10339.616 	12547.531 	13836.475 	9683.085 
YUG	112.468 	81.969 	83.387 	103.635 	119.171 	186.303 	190.273 	297.335 	361.111 
ISR	41.022 	54.119 	73.026 	84.371 	98.819 	116.230 	132.281 	216.824 	196.013 
o_AFRICA	48.133 	45.186 	42.072 	45.281 	48.112 	49.684 	57.654 	101.931 	162.751 
o_LA	28.499 	22.405 	24.730 	27.135 	29.307 	35.362 	41.068 	58.243 	65.764 
o_ME	67.314 	65.574 	68.154 	83.350 	90.382 	97.807 	97.321 	117.664 	16.637 
o_W-OECD	16.917 	21.817 	36.896 	37.787 	38.077 	37.555 	34.507 	26.022 	4.020 
o_SEA1	17.430 	15.033 	10.142 	11.248 	12.501 	13.932 	15.059 	14.772 	5.062 
o_SEA2	61.625 	73.811 	90.723 	106.088 	125.537 	174.296 	235.390 	345.853 	363.423 
o_SEA3	249.813 	254.604 	363.238 	380.379 	405.997 	468.602 	557.845 	787.222 	960.340 
