CC	2000	2005	2010	2015	2020	2025	2030	2035	2040	2045	2050	2055	2060	2065	2070	2075	2080	2085	2090	2095	2100
o_LA	53.2016429152568	51.8158867452856	54.4168690246595	55.162487058165	55.8319242525076	57.3196434363615	58.6580319639832	59.7204365217788	60.5548023680916	61.1735434748983	61.5886020378141	59.9945844702995	58.4105342099266	56.8371086795021	55.2749543522447	53.7247064740311	52.1869888009558	50.6624133522741	49.1515801787726	47.6550771465796	46.1734797364015
VEN	117.147615232	121.753752658714	136.924145106124	147.290750672213	157.429401766053	169.444805876791	181.287284510284	193.470228708586	205.544194071784	217.489803069144	229.289955756451	224.617856447916	219.989825002439	215.406301351123	210.86770346117	206.374427350393	201.926847122867	197.525315025261	193.170161523388	188.861695398479	184.600203862656
VCT	0.335185184	0.336435668140419	0.36774750218739	0.38346831287173	0.398941974749462	0.416513171281692	0.433212541352757	0.443033861172928	0.450622628260567	0.455997021886645	0.459180823964733	0.456832365337533	0.454128987304653	0.451082490957348	0.447704689767765	0.444007401742723	0.440002441697051	0.43570161365474	0.431116703385778	0.426259471086124	0.42114164420782
URY	20.670509056	19.4505705216139	20.1942758018448	20.3362010183699	20.4378633207222	20.8727720318527	21.2406836130216	21.7584545278423	22.2060104690861	22.5872910970797	22.9060792082342	22.0927589217915	21.2974467011198	20.5200270757263	19.7603787652025	19.0183748338799	18.2938828485448	17.5867650389413	16.8968784607921	16.2240751610687	15.5682023452426
TTO	8.154315776	7.78820488379292	8.11359732512838	8.15875459825843	8.18791071197255	8.26869295029546	8.32178335785318	8.37848986605447	8.40271839870171	8.39739009627108	8.36524487103856	7.99261112091217	7.63126634962609	7.28105372864103	6.94181369262178	6.61338407892377	6.29560026740317	5.98829532035463	5.69130012238462	5.40444352003281	5.12755246095846
SUR	0.89159776	0.932647892285864	1.05235663604478	1.13067074371827	1.20956313371351	1.2981115229583	1.38576525858769	1.45677200761317	1.52206854205101	1.58134743049304	1.63435057325143	1.65915167161918	1.68169090033733	1.7020116320862	1.72015765976594	1.73617316252919	1.75010267197458	1.76199103854386	1.77188339816454	1.77982513917809	1.78586186959276
SLV	13.134147584	14.2119298183982	16.6408050639704	18.6914445144521	20.8362373701449	23.4671640857528	26.2290223934538	29.2018541319777	32.3173442238864	35.5717390424909	38.961183291324	39.7256781359621	40.4477323512771	41.1276223375569	41.7656381419249	42.3620830917071	42.9172734206688	43.431537888762	43.9052173960225	44.3386645912497	44.7322434761014
PRY	7.721718784	8.97126186089208	11.1645598463115	13.195044991679	15.3802259164255	17.9627882632225	20.7391436813329	23.8205648241241	27.122544432981	30.6426185485388	34.3778357759885	36.0336694362592	37.6656356776082	39.2720435914851	40.8512297397156	42.4015588783675	43.9214246427475	45.4092501933204	46.8634888224177	48.2826245216788	49.6651725102356
PRI	61.04489984	57.6788429080505	59.2409262366833	58.5402308849827	57.6358890234823	57.3423182238141	56.7473180646135	56.2533740302438	55.4425251228113	54.3371523569657	52.9584738536701	48.3931444995663	44.0425487912735	39.9020844566772	35.9671145255067	32.2329707981907	28.6949572902957	25.348353648323	22.1884185327823	19.2103929646078	16.4095036311377
PER	53.08567552	56.8592289829173	65.997954528131	74.1160452072804	82.6094802496525	92.6075575267421	103.069523599664	114.197074207512	125.797235243724	137.854319367675	150.352624026948	153.106312112262	155.67695651211	158.066769023884	160.278009370081	162.312983103399	164.174039500318	165.863569446271	167.384003315411	168.737808847951	169.927489027978
PAN	11.62050048	12.2054494302463	13.8531434547225	15.0340614424453	16.213517634303	17.650387810024	19.0965617739446	20.5991430570629	22.1183753982007	23.6519945631242	25.1979050441885	24.9864131870091	24.7702798717642	24.5495838230678	24.3244047380413	24.0948232217881	23.8609207230042	23.6227794698099	23.3804824058851	23.1341131269882	22.8837558179371
NIC	3.936327936	4.97634176893395	6.58846624115941	8.2596142534672	10.0880006205616	12.1993971043694	14.4928006135894	16.9279086427107	19.5324803530064	22.3026509837245	25.2343762404381	26.9084313888102	28.5588327499043	30.1840064939102	31.7824049225137	33.352507134932	34.8928196573523	36.4018770355987	37.8782423909235	39.320507938887	40.7272954713593
MEX	581.426413568	572.024308840674	620.884001458425	644.519967657614	666.641180693058	694.707487237591	720.88281480187	743.990077791586	765.008077865985	784.027763662439	801.138014949759	772.31394269459	744.1818998707	716.735505447038	689.968175962935	663.873132450393	638.443407437242	613.671852020154	589.551142996601	566.073790044983	543.232142942318
LCA	0.6832	0.684624070198127	0.755120952522342	0.795825664870299	0.835593173980071	0.884370865883309	0.931982171384728	0.984347385031124	1.03570260982869	1.08603602109719	1.13534031147811	1.10995196856826	1.08482672151437	1.05996770864398	1.03537793166716	1.01106025550532	0.987017408255909	0.96325198129036	0.939766429482769	0.916563071566344	0.893644090614675
JAM	8.027264512	8.09430787701454	8.82469164039697	9.23807349144622	9.64797745875303	10.161409175945	10.6629639589856	11.1160052202317	11.5415047869843	11.9397217577692	12.3109809029644	12.2800662369861	12.2421897947557	12.1975081330023	12.1461788545982	12.0883604923944	12.0242123939876	11.9538946075559	11.8775677688994	11.7953929898125	11.7075317479147
HTI	3.696529664	5.61423414233016	8.32771429984469	11.1727361423363	14.3253418925368	18.0802822066312	22.225124985959	27.007945938712	32.2560401163458	37.9687328532448	44.1438739135925	47.187988464011	50.137945132452	52.9932532114977	55.7534641061171	58.418171076334	60.9870089432344	63.4596537593944	65.8358224448515	68.1152723897782	70.2978010250532
HND	5.962758144	7.41022437195377	9.79474342680929	12.2400595559186	14.9396588749084	18.1083501284503	21.5816951268956	25.3750084668994	29.4889723886552	33.9218395706016	38.6709725976471	40.7668186541074	42.8070674512746	44.790821519356	46.7172147703432	48.5854126521901	50.3946122698705	52.1440424737652	53.8329639158812	55.4606690744498	57.0264822474973
GUY	0.712328832	0.806736762589164	0.955757750117987	1.06400555046589	1.16584777645088	1.28003972174491	1.38706038388209	1.45430896866904	1.50143959084496	1.52690798001043	1.52938927370393	1.55736579563227	1.57828337842154	1.59240257544906	1.59998390925347	1.60128770246461	1.59657391159907	1.58610196389384	1.5701305973413	1.5489177040795	1.52272017728209
GTM	19.290566656	22.4665648349974	28.3552884578327	34.3713306699545	40.8833318435449	48.7779529520705	57.3464750095412	66.85166130675	77.1527782063003	88.2473358616933	100.130452303049	104.311979138051	108.429956224577	112.480043278161	116.457971420969	120.359545027593	124.180643470417	127.917222764033	131.565317108408	135.121040330685	138.580587225676
ECU	15.94164224	18.0966008492676	21.9917274230888	25.6681871795002	29.5820020541706	34.1411435386429	38.9842805393607	44.1225092170387	49.528097868613	55.1914348123437	61.1029726676831	63.2319031841622	65.2400805666003	67.1291760009206	68.9008900152812	70.556950991243	72.0991136713567	73.5291576652639	74.8488859563621	76.060123411042	77.16471529245
DOM	19.703281664	21.325024244468	24.9525517082745	27.9315325076037	31.0379835744089	34.7060561104055	38.5359498698191	42.5030234674774	46.6249139871531	50.896213344215	55.3115350987005	55.885150232746	56.3910123594789	56.8305420460385	57.2051711458006	57.5163417197715	57.7655049650899	57.9541201519613	58.0836535703025	58.1555774873322	58.1713691172937
CRI	15.946326016	16.8081574021202	18.9126031198565	20.3325974908169	21.7434781085766	23.4528024884998	25.160081108289	26.9278316395614	28.6989215946306	30.4713496063702	32.2433011634855	31.7693808060912	31.2940830628916	30.8175717375409	30.3400094165358	29.8615573793233	29.3823755111003	28.9026222183743	28.4224543473451	27.942027105166	27.4614939841296
COL	83.778625536	91.3159927901285	106.888480377569	119.503154564321	132.67183187763	148.207472531674	164.415981427208	181.41433326637	199.038149571454	217.260324952173	236.054361313731	241.448178086141	246.577433113559	251.443121702851	256.046332032989	260.388243236126	264.470123420488	268.293327638849	271.859295806377	275.16955057164	278.225695144577
CHL	75.775148032	75.9418863115466	82.5393965119793	86.1061789819751	89.5324234076036	93.9476716847416	98.1794201300142	102.43815945621	106.49618579735	110.359511422116	114.034219340311	111.611279820082	109.213564224384	106.841272777689	104.494593685683	102.17370316956	99.8787655114395	97.6099331106325	95.3673465504752	93.1511346754381	90.9614146781995
BRA	601.732022272	623.756971258678	699.879395327079	750.335661613486	801.041130755868	861.962025356542	923.183929060027	988.143532850929	1053.45947125981	1119.07795325787	1184.9493263041	1172.15402573446	1158.95997865863	1145.38296525883	1131.43875258891	1117.143084489	1102.51167168193	1087.56018206181	1072.304231184	1056.75937296556	1040.94109060447
BOL	8.397858304	10.3495244066904	13.46534683112	16.4702621713145	19.7462651151571	23.5905389721328	27.7634041334913	32.3387221011723	37.2631582952399	42.5326075554933	48.1422134420933	50.7801201520897	53.3585809656636	55.8759927870318	58.3307929738913	60.7214598264174	63.0465130286976	65.304514042887	67.4940664564491	69.6138162829241	71.662452216738
BLZ	0.832	0.906702644864055	1.06020485755515	1.18143322366187	1.30470191200695	1.4478442195812	1.59458291575505	1.75229181822514	1.91498985839673	2.08240719380568	2.25428413004971	2.24644142397742	2.23770689637192	2.22809459512874	2.21761876656615	2.20629384357033	2.19413443374633	2.1811553075908	2.16737138670202	2.15279773204251	2.13744953226895
BHS	4.88	4.77374633737858	5.0657911761418	5.15752504808925	5.2200904342535	5.32157087291297	5.38909901000072	5.44851247454044	5.47408556753803	5.4662852816595	5.42564460061739	5.00561472552103	4.60036802397862	4.20969967735919	3.83340127721832	3.47126100768096	3.12306382825833	2.78859165684258	2.46762355262781	2.15993589871208	1.86530258414072
ARG	284.20374528	278.2109428302	297.200419887761	305.231441465998	312.251616454014	322.76604858091	332.031049910274	342.759425536221	352.25962605245	360.548769862837	367.646353609624	351.465452321955	335.675304417986	320.273581597792	305.257827592638	290.625461431519	276.373780777439	262.499965327582	249.001080271573	235.874079802025	223.115810671609
o_AFRICA	6.34954843025062	6.25222386016663	7.9890183365357	8.63594910524827	9.20622745395638	11.0904922747552	12.9434593823014	14.8855629791504	16.7699741067114	18.5873110485915	20.3325268169978	21.7469993500226	23.1336993390787	24.4900881390201	25.8143566287994	27.1053155494499	28.3622953235047	29.5850562406413	30.7737091951268	31.9286466751979	33.0504833891261
LBY	34.495012864	30.7224019943402	35.6931950676803	34.7464740746767	33.5816765237027	36.0957098860893	37.7528730609956	38.6755063911879	38.875371527438	38.4522331003953	37.4950108659525	34.6045902860844	31.655063068436	28.6722549754873	25.6782774442704	22.6918624438307	19.7287053897809	16.801802574234	13.9217737350134	11.0971637150771	8.33471973331736
ZWE	7.39922432	6.61603459555747	7.84338586859892	7.97015872246578	8.08537351879771	9.3228252819713	10.4923012447182	11.6766312226995	12.7922776661417	13.8437916776308	14.8361717077957	15.1529952183822	15.4378408541492	15.6929007475112	15.9203443081595	16.1222850332339	16.3007562491101	16.4576942770207	16.5949276357117	16.7141710495681	16.8170231984522
ZMB	3.237720064	3.26818767387337	4.30122384298237	4.80704397321587	5.30663683560614	6.64842310691226	8.0632617396619	9.59350089450063	11.1726782356242	12.7897650012721	14.4357480834883	15.4481914517603	16.4561310606028	17.4576107162761	18.4510530219575	19.4352134899257	20.4091367908282	21.3721160463943	22.3236556789485	23.2634380367073	24.1912938023842
ZAF	132.877647872	113.866756918848	124.396880992108	114.913468369934	106.115741561262	111.879564607231	115.159772623799	116.793740030252	116.551271555466	114.801815359048	111.853551979222	105.529483435033	99.0342571889658	92.4321502303814	85.7784560298588	79.1202629976338	72.4972603520265	65.942537374641	59.4833521893158	53.141854368932	46.9357520262349
UGA	5.926505984	6.62914934961494	9.61568126209876	11.8718087842796	14.185166580975	19.2670776354939	24.9628202134158	31.7341567722232	39.0871475911444	46.9469322704767	55.2457510771229	62.1264014077314	69.276201676433	76.6689779054203	84.2800499642915	92.0863703847025	100.066590997689	108.201073899064	116.471860831794	124.862612689314	133.35852862973
TZA	9.079262208	9.67831894499834	13.3240442361912	15.4281591623397	17.5400793937614	22.471977173896	27.7803694986766	33.4618431049785	39.3953381235849	45.5344360365546	51.8399872118201	55.2993325382774	58.7067728381942	62.0565149065722	65.3443058319589	68.5672089639965	71.723398008184	74.8119714194217	77.8327877692752	80.786321708225	83.6735394458895
TUN	19.468374016	16.8071239706151	18.9889157678319	18.1782429678055	17.3746132987381	18.7710948798771	19.7973396006912	20.3283210853105	20.5561755855734	20.5370082611762	20.3180993001434	19.3228172718005	18.3044717028835	17.2738313154544	16.2400988751805	15.2110544353193	14.1932014562055	13.1919101747039	12.2115543487042	11.2556388964963	10.3269170255386
TGO	1.3291104	1.45848565288411	2.04724188888421	2.40231463966043	2.7612171516445	3.56899378056042	4.44531970006438	5.37385232238109	6.34686875297883	7.35655662915427	8.396272410241	9.0172708006443	9.63410548897894	10.2454717697196	10.850330166113	11.4478731741521	12.0374937867239	12.6187563870224	13.1913703281932	13.7551663143681	14.3100755550499
TCD	1.3902752	1.70923581950626	2.56836040791224	3.21518862465424	3.8894682748101	5.36620210000831	7.04844852211177	9.07867402191892	11.3118626969975	13.7254938970428	16.2984449698784	18.0825882478415	19.9124054288615	21.7817761251833	23.6851165827086	25.6173726904817	27.5740013935297	29.5509441391545	31.5445952727799	33.55176766035	35.5696572643129
SWZ	1.388703232	1.22143889883429	1.3657679497971	1.29468316027635	1.22812780543681	1.3258427419197	1.39946275361052	1.46950387884194	1.52068197223568	1.5560028372916	1.57806868295776	1.54944683257688	1.51755835562132	1.48298057808701	1.44622890240666	1.40775984747064	1.36797486386337	1.32722459573959	1.28581333710248	1.24400349544457	1.2020199295357
STP	0.046484292	0.0462813015119328	0.059274568125891	0.0655373025405738	0.0716867042151333	0.0898497139243406	0.108987763411998	0.128725720219661	0.148942993670923	0.169510724116297	0.190326042208023	0.202555416478143	0.214655046608537	0.226605839872662	0.23839333153908	0.250007040952778	0.2614398747182	0.272687584690019	0.283748283901729	0.294622020284413	0.305310405803928
SLE	0.63378656	0.833726549559979	1.23186260395309	1.53172680672869	1.84231735637417	2.50967801881339	3.26384766398865	4.16291726279942	5.14613565844378	6.20381321056556	7.32694559161999	7.92431214481391	8.51274236770009	9.09082840857164	9.65749682924039	10.2119625653294	10.7536861667939	11.2823348952782	11.7977479229368	12.299905638631	12.7889029045909
SEN	4.384747008	4.42783620332771	5.80665819197993	6.40401716017516	6.98019176724307	8.60732311542303	10.2877205407121	12.0580656513709	13.8517382183998	15.6582675372592	17.4697068457899	18.4219215225506	19.3573632067951	20.2752571437466	21.1751412524662	22.0568136971654	22.9202858903584	23.7657410875967	24.5934984485572	25.4039822519712	26.1976958401298
SDN	12.191583232	12.1506908699696	15.9654567087765	17.6558944950522	19.307322023708	23.8218576273694	28.50427381179	33.3628827202608	38.290321452594	43.2595172049258	48.249698397419	50.7569660923053	53.1937551208526	55.5587770844381	57.8517256551975	60.0730920682787	62.2240026746822	64.3060782543312	66.3213139477031	68.2719781520421	70.160528462784
RWA	1.810880128	1.97785942767819	2.83051537755843	3.40827393783342	3.99903918461535	5.21718619413679	6.54935378412694	8.08149105863831	9.71504653825708	11.4353087956126	13.2293017799994	14.3415948199788	15.458428265729	16.5769261280195	17.6946482052061	18.8095481270324	19.9199311257956	21.0244130157616	22.12188138021	23.2114595853583	24.2924739503734
NGA	42.078142464	43.3470013858371	57.5601289622411	64.2985588919094	70.9279529851454	88.2733375773606	106.43258615753	125.82305585235	145.699681578429	165.933864942557	186.422739102347	198.417082208234	210.291994971081	222.028634326313	233.612631180844	245.033474607256	256.283939887642	267.359568126896	278.258200713482	288.979568711494	299.524935088874
NER	1.798365184	2.20724874310392	3.42807255243532	4.48184951656533	5.59830054441339	8.05916666440534	10.9278544873243	14.8364689776076	19.2506482212986	24.1223937918326	29.4047614248765	34.1926891186465	39.2634863776793	44.5959932835282	50.1695492347924	55.9642543522325	61.9611525632599	68.1423505769606	74.4910855704326	80.9917527870552	87.6299025793587
NAM	3.413544704	3.00654969234007	3.44689427057475	3.35287151187689	3.25259707047721	3.58255768739513	3.84808692431868	4.04854996961281	4.19198169281835	4.28599916042743	4.33744017066871	4.23352188009884	4.11784069443955	3.99214310360036	3.85800868019581	3.71685497762586	3.56994534868576	3.41839866572025	3.2632001380404	3.10521261068678	2.94518788793039
MWI	1.74350656	2.07773737765066	3.11808745893898	3.88301345808351	4.67762999557428	6.31972792498366	8.16454383707336	10.2571964851007	12.5200559297771	14.931495481955	17.4718825292808	19.2368830426521	21.0288116883286	22.8420818128256	24.671756791005	26.5135099081531	28.3635781728515	30.2187131779598	32.0761313479349	33.9334652577034	35.7887171787305
MUS	4.423849984	3.74378024970254	4.12408523971366	3.83863320458663	3.56843100152137	3.74956290569626	3.84460900715882	3.84568674480849	3.78330748317008	3.67162947747583	3.52224005060467	3.2821759948433	3.03868069124422	2.7939908552616	2.55000319723364	2.30830728091488	2.07021856347644	1.83681046658775	1.60894470353085	1.38729938340663	1.17239463924761
MRT	1.080830464	1.10735589792648	1.45836881155384	1.60912970640652	1.75465464091176	2.16592457726869	2.59113389786479	3.03514952577604	3.48482893404589	3.93758572589017	4.39145954598697	4.69201260801189	4.99243711996761	5.2921703432346	5.59074584399263	5.88778295969722	6.18297652331386	6.47608712155493	6.76693206037594	7.05537713181081	7.34132921757541
MOZ	3.777704704	4.17082754334621	5.78202425134067	6.67196285100141	7.56382557695863	9.68211989705623	11.9609878126464	14.460421882669	17.0777506252101	19.7917877306575	22.5845889128766	24.2661745107603	25.9268330330165	27.5630623302794	29.1721779980845	30.7522018264872	32.3017580109809	33.8199785763895	35.3064186508208	36.7609816390905	38.1838539424179
MLI	2.422469632	2.67863477574462	3.8390158148526	4.6594541479751	5.49715035066958	7.37380311468561	9.46194609059957	11.9226215283861	14.5807721592257	17.4101012396132	20.3869869397898	22.734070726185	25.1598934149593	27.6560063500174	30.2145313954112	32.8281871418729	35.4902943053624	38.1947655371968	40.9360840150905	43.7092743762081	46.5098688234674
MDG	3.877620992	4.26220693066644	6.00795867939219	7.08950723805591	8.18558476274949	10.6535318298458	13.3458019360986	16.3654930394909	19.568200174267	22.9258520401786	26.4139657254072	28.9011448408956	31.4307045149904	33.995190082209	36.5879442826973	39.2030684665995	41.8353737271775	44.4803262080471	47.133989845927	49.7929689693639	52.454352479288
MAR	33.3340672	29.3037152995875	33.9040382288625	33.3676288932179	32.7842525435413	36.3930167731306	39.4543986470779	41.7474598454818	43.5374126850537	44.8998480174291	45.9009650030857	45.312294837377	44.6292276811957	43.867201328647	43.0400741936054	42.1601904963446	41.2384683352975	40.2845017641184	39.3066699747006	38.3122483970048	37.3075179526213
LSO	0.859322752	0.794820574713843	0.945085774368385	0.954359635894852	0.962803778874349	1.10165657757455	1.23097075404577	1.35476479523841	1.46834938008817	1.5726374376361	1.66853750647562	1.75876633855126	1.84750387465716	1.93467930210534	2.02024993351883	2.1041965102711	2.18651898962187	2.2672328307051	2.34636576883832	2.4239550507018	2.50004509280013
LBR	0.560899968	0.630458173692171	1.01133704102464	1.27688867114431	1.55415821600628	2.1675993377675	2.86961018789331	3.77078900371966	4.77148035141143	5.86110062228882	7.02961425756453	7.78707332683399	8.56388258664754	9.35747150949031	10.1654931342426	10.9858215127949	11.8165442349239	12.6559515582749	13.5025233718661	14.3549149538992	15.2119422539934
KEN	12.705273856	12.8872080503989	17.1282603283612	19.2665752608672	21.3412504612771	26.6926499539554	32.2911011206545	38.4599973852034	44.8026995961931	51.27201452754	57.8303134156294	60.3214664214703	62.7063241773673	64.9863441839208	67.1638915473669	69.2420225859641	71.2243003879508	73.1146401883945	74.9171817790552	76.6361858675274	78.2759512546451
GNQ	1.34104896	1.2209590579136	1.45970657166172	1.49938719475644	1.5180694904809	1.75080426237624	1.95045369258247	2.14168873999062	2.29603348239903	2.41361999814671	2.49551392303376	2.41730223071094	2.32722066841784	2.22641245187396	2.11595678680134	1.99686254519015	1.87006512898562	1.73642579876464	1.59673284953282	1.4517041194037	1.30199041341155
GNB	0.215455488	0.260144171333024	0.395467643294191	0.507647576402154	0.625825627683308	0.883087908880825	1.18013568813922	1.5572872342554	1.97794804187482	2.43772094627087	2.93237937223853	3.29201195102963	3.66465792966479	4.04896801930987	4.44367928823952	4.84762034909639	5.25971308889514	5.67897178118762	6.10450028780064	6.53548793054842	6.97120449757847
GMB	0.420894592	0.453073005136356	0.619822546890335	0.707706780535393	0.795099437570688	1.01011734741411	1.23957146383055	1.48931838249496	1.74934514306786	2.01764367388067	2.2925367813896	2.44304070082596	2.59179004109878	2.73853848549032	2.88310029952152	3.02534183919413	3.16517369159514	3.30254354620654	3.43742983553213	3.56983614098599	3.69978633114311
GIN	3.112362496	3.06411307016096	3.99895127724903	4.566708961986	5.12202489212214	6.53255123212678	8.0325646908896	9.7241327227841	11.487405829132	13.3071606658116	15.1708465726424	16.1415896980766	17.1054571708845	18.0609248795721	19.0068003735265	19.9421794170446	20.8664052383244	21.7790311348399	22.6797867612722	23.568548180938	24.4453115906172
GHA	4.977585664	5.28699973168344	7.17664599917322	8.1596350852265	9.14023578550965	11.5183951087415	14.0418060926328	16.691022500806	19.4210818416587	22.2130135702491	25.0514022526921	26.7979207276672	28.5210678140632	30.2176175126635	31.8851415180147	33.5218971070048	35.1267234293029	36.6989474824477	38.2383002686938	39.7448430700697	41.2189033995969
GAB	4.931781632	4.35077066767831	4.95336665716385	4.79532886519378	4.61763237695057	5.03129132343396	5.33340513416939	5.52291907607179	5.61493118712949	5.62178281401057	5.55468720867274	5.25602605113085	4.93851873844975	4.60534577951561	4.25935576975279	3.90308019576484	3.53875277075263	3.16833147927502	2.79352192312814	2.41580091529498	2.03643956383995
ETH	6.527844352	8.87973240683909	14.3929186396514	18.799462285238	23.4266615836387	32.3495482619637	42.5005813840164	54.1446065246752	66.8423694223354	80.4669071997191	94.9015255075351	105.809942745965	116.967357230683	128.335373730972	139.879370744546	151.568370876243	163.3748499482	175.274507115498	187.246013458359	199.270752335609	211.332561263933
ERI	0.6335792	0.790636541260781	1.20138906325148	1.4923642977062	1.7946422680482	2.3870086241088	3.04486441033711	3.80435316341234	4.62232941802712	5.4911067168535	6.40376026185878	7.0008458787149	7.60331133570095	8.2094169061973	8.81765790355786	9.42674531901086	10.0355854890772	10.6432597233136	11.2490045546385	11.8521930569705	12.4523175043805
EGY	102.216351744	92.1205727705047	108.500979066017	107.985125564846	106.967188567871	119.668045574908	130.461600371023	139.086735508984	145.913448996069	151.145298014474	154.972251375347	151.576545561663	147.829952362151	143.792621018264	139.518363696896	135.054948106006	130.444474104463	125.723799932929	120.924991554836	116.075775339649	111.199979908412
DZA	53.454692352	47.2092017709849	54.7022692616848	53.7996932175825	52.7087588316849	58.062573292436	62.3833960863979	65.2986830294454	67.297689381736	68.5162718173046	69.0737258683141	66.4922010135781	63.7967785340576	61.0198793541393	58.1896922957128	55.3305037301552	52.4630494888195	49.6048715045327	46.770666543516	43.9726183765685	41.2207078907925
DJI	0.552928512	0.516404885959943	0.626344685987493	0.644888858068731	0.660846677918829	0.77790747974227	0.890608109799261	0.997823581424392	1.09898722725523	1.19423399730455	1.28381802667836	1.32483222668039	1.36355519146243	1.4000979161217	1.4345775381298	1.46711412091037	1.49782809525616	1.52683827330884	1.55426035015185	1.58020581275689	1.60478118326557
CPV	0.531386016	0.496059330332262	0.604025159304086	0.621782924174941	0.634820096103722	0.733361224512753	0.823591727525466	0.903861272531316	0.974926063566492	1.03731640650073	1.09164643060712	1.08070941706471	1.06741005029902	1.0520993555261	1.03509478925382	1.01668122799033	0.997112543378095	0.976613558973403	0.955382227060252	0.933591901755894	0.911393616687612
COM	0.203846592	0.2156340011039	0.293625321267442	0.334460723190195	0.375119363381926	0.475328252178731	0.582111566674194	0.697283056137925	0.816921759278066	0.940133135298023	1.06617299963468	1.14518534505667	1.22412281561564	1.3028156340796	1.38112346983571	1.45893217846574	1.5361506301275	1.61270770960529	1.68854953950926	1.76363695404626	1.83794323302232
COG	3.21989376	3.033341905237	3.69405611371087	3.83967648840635	3.95678220181255	4.63691833750198	5.27743907001743	5.91436387668009	6.50481491882138	7.04877333022003	7.54745186741489	7.78844707240359	8.00983696827272	8.21231849733928	8.39668379736993	8.56378807966427	8.71452323417176	8.8497965568263	8.97051395131304	9.07756696231783	9.1718230330281
COD	4.304347648	6.17393406939936	10.5621725215266	14.5268403416083	18.8137655964877	27.3123205983897	37.3250304790204	49.7353624098423	63.7086067981464	79.1021413908864	95.7748755378952	107.381131891547	119.313208184963	131.52851613018	143.988114743717	156.656679988793	169.502391275392	182.496760184289	195.614421881914	208.832905283496	222.132394209984
CMR	8.879292416	8.62067139744376	10.8003791997774	11.4186310373285	11.9935146832983	14.2760501260186	16.5322530079427	18.812281896934	21.0347808811591	23.1959881875946	25.2947875183053	26.1247217464638	26.9102341554608	27.6533855667633	28.356371256495	29.0214569383054	29.6509275356128	30.2470471349075	30.8120285016437	31.3480106184641	31.857042836424
CIV	10.4252928	9.77044443465661	12.0704610897119	12.7193491715333	13.3138112136196	15.7889368675933	18.2168804391502	20.6426781425289	22.9881155102854	25.2508765566787	27.4314595578078	28.2380404851157	28.9954486128523	29.7064435064223	30.3738528912365	31.0005104927889	31.5892078482795	32.1426580731929	32.663469641599	33.1541283923051	33.6169861675688
CAF	0.952835776	0.98172908651724	1.32227728030199	1.49766592439344	1.67226708165293	2.09765936846741	2.54694312214976	3.02856518483477	3.52507283585518	4.0330023780367	4.54953591789034	4.88402279816511	5.21607137286207	5.54498707133825	5.870218925618	6.19134135957234	6.50803699361684	6.82008077558968	7.12732560168861	7.42968948286764	7.72714423544543
BWA	5.250845696	4.52223189952485	5.10934580331067	4.87367512181231	4.63651507301813	5.00685097624614	5.2704451484941	5.47511263943611	5.58970908889393	5.62626885554498	5.59559422178138	5.29302016483874	4.97949745006776	4.65818222172639	4.33181712311353	4.00276370587904	3.67303696360524	3.34434028522557	3.0180996007822	2.69549588104767	2.37749545968199
BFA	2.600700672	2.9553061082176	4.26291821309056	5.16516174160815	6.08989773322164	8.12350902968384	10.3831174804729	12.9835108546924	15.7829399744474	18.754794495032	21.8751918420607	24.4834102351122	27.1852670429482	29.9711343484169	32.8319919687722	35.7594662536401	38.7458439747557	41.784067307542	44.8677149694127	47.9909736770773	51.1486032606971
BEN	2.254838784	2.43233284441358	3.38143958200447	3.94914814456638	4.51528371047709	5.8425426179794	7.27693330276355	8.89778542073531	10.6072439258205	12.3901030163939	14.2333784627899	15.2397416258926	16.2426094217922	17.2400014161195	18.2303091175833	19.2122519535263	20.1848350834916	21.1473099825375	22.0991383373422	23.0399595051411	23.9695615734467
BDI	0.678535232	0.931748714857016	1.59636712664628	2.1642892962675	2.77640115097855	3.99811353809076	5.43033626873691	7.38428420666506	9.60695233351167	12.0753347517013	14.7662343944672	16.6328780561265	18.5648913217953	20.5551725156121	22.5971083760163	24.6845942196864	26.8120368645162	28.9743446881953	31.166908477228	33.385576038014	35.6266229265853
AGO	9.12918016	9.02542784826505	11.6324757031123	12.8358000579589	13.9307220527634	17.3163844611745	20.7594431865651	24.6429377182298	28.5418443571292	32.4218068074215	36.2583628716995	38.5596652600129	40.8325297803346	43.0735033412003	45.2800238226612	47.4502922542907	49.5831550331111	51.6779975090587	53.7346493950999	55.7533018428539	57.7344356130331
ROW	1018.951000	1144.985	1297.231	1435.0625	1572.894	1793.864	2014.834	2128.4355	2242.037	2355.6385	2469.24	2472.6538	2476.0676	2479.4814	2482.8952	2486.309	2489.7228	2493.1366	2496.5504	2499.9642	2503.378
YUG	8.602799104	11.1565828241195	12.9253431409214	16.8100314077329	20.9522931693126	21.128720154424	21.2905457398931	24.7556640434852	28.5344950703575	32.644977376185	37.1057979989177	39.0426066068488	40.8991553799025	42.668768033904	44.3445536553807	45.9193902273749	47.3859070876274	48.7364662200468	49.9631422707843	51.0577011695331	52.0115772247063
ROM	37.052637184	39.3171017122978	40.6321009964379	41.115658222883	41.5301165977129	40.5851975030833	39.5937334813113	40.3480115222597	41.0083491022892	41.5659949804656	42.0117843992195	40.8280237108243	39.6263108484312	38.4078649011827	37.1739128288649	35.9256916340438	34.6644506253779	33.3914537831871	32.1079822392966	30.8153368842391	29.514841116087
UZB	13.760374784	18.2220511745992	23.0539086100098	28.0897429740539	33.6805113985063	38.0996777893832	42.6842407650484	49.1928256961978	56.3132086330384	64.0825280532347	72.5395028739103	74.3414376726643	75.8778648907516	77.1528268853223	78.170194261047	78.9336677913866	79.44677998668	79.712896301465	79.7352159714688	79.5167724685711	79.0604335597329
UKR	31.261528064	36.1134528098279	40.1924673007785	43.4339561007264	46.4250169132884	47.7352491974436	48.6622056012783	51.8981262933763	54.9249676058508	57.7025965485255	60.1888022777495	60.4938080497239	60.5487522978421	60.3644534941205	59.9517127882914	59.3213309570204	58.4841258734512	57.4509505758569	56.2327120202994	54.8403906091161	53.2850605948802
TKM	2.852720128	3.68944837505532	4.56190785895489	5.45525606010108	6.43922076654697	7.2004994106956	7.98702300831876	9.12235698261483	10.3593418258283	11.7039374432112	13.1623545249368	13.4946693161742	13.7857044408246	14.0356268706421	14.2445673667059	14.4126197815698	14.5398402503537	14.626246263946	14.6718156166442	14.676485219649	14.6401497708059
TJK	0.980013504	1.84642277825073	2.8932509557979	4.13912437697957	5.58631442659929	6.97269774733183	8.46150755088687	10.3579954217997	12.480509450237	14.8450063000241	17.4681518234051	18.3970965820587	19.236737797806	19.9879185986551	20.6514137028727	21.2279289498628	21.7181006494156	22.1224947404449	22.4416057490783	22.6758555345915	22.8255918101613
SVN	19.067131904	19.7197094397746	19.6922468730559	19.1280367818274	18.5287029623711	17.2259434063653	15.9661447857637	15.4045186539788	14.7994549111007	14.1533130233732	13.4686202287482	12.0004917621449	10.6305224297838	9.35559693452081	8.17263008640239	7.07856259246285	6.07035677991159	5.14499223565159	4.29946134395603	3.5307647028539	2.83590639831836
SVK	20.218161152	21.1464810089796	21.5608195493041	21.4926991228776	21.3970046662233	20.4696320572292	19.5598783832268	19.4244003013648	19.2508770854819	19.0399069197042	18.7921526474975	17.530564223168	16.3250168654893	15.1741558868386	14.0766525210998	13.0312024353142	12.0365242548721	11.0913580977005	10.1944641127499	9.34462101789318	8.540624632123
RUS	259.708502016	274.524651513252	281.9223649449	283.530333019913	284.612697534627	276.830374162351	268.7903415543	274.976303333386	280.729152474459	286.007173885747	290.76666932533	280.907486524056	271.011040160343	261.086080380659	251.14150179914	241.186361436672	231.229897605902	221.281549841367	211.350979983027	201.448094531555	191.583068405129
POL	166.548471808	172.438269277792	173.420469542451	170.697252007722	167.743580641132	158.155548168488	148.851307970013	145.57251269202	141.94374324831	137.979035986706	133.693500263286	123.65093630349	114.107675225806	105.050741631971	96.4673724157505	88.3450015466691	80.6712448642072	73.4338848308673	66.6208551901292	60.2202254724727	54.2201852893323
MKD	3.586884096	3.92790987661981	4.14908612589099	4.27354352392856	4.39720334462407	4.35099495280072	4.30161491711642	4.41777105408322	4.52920679638426	4.63540276988514	4.73581435915613	4.62032793223001	4.50316180230087	4.38434905887745	4.26392185973241	4.14191145928657	4.01834823567325	3.89326171652659	3.76668060353431	3.63863279579087	3.50914541198363
MDA	1.288420224	1.69070839459888	2.08128506953629	2.49104032075963	2.90004232739222	3.18790339516461	3.44770631339391	3.84116468318919	4.22868788338417	4.60730242547721	4.9738730500573	5.09848897674217	5.19355709382356	5.260243835472	5.29971128378696	5.31311892992361	5.30162548308915	5.26639073534639	5.20857749075779	5.12935356807831	5.02989388697063
LVA	7.725804032	7.85790935688482	7.83219773301196	7.6783043085689	7.51451678514707	7.1209348961849	6.73714294235181	6.70418548862247	6.65794965930546	6.59851521080156	6.52597723666696	6.1100352361594	5.71151856208791	5.33002185411614	4.96514813871952	4.61650840065625	4.28372116057876	3.96641205756682	3.66421343533426	3.37676393082234	3.10370806384543
LTU	11.381475328	11.6967185619945	11.6539873018937	11.4495646296697	11.2306028084114	10.6718314250895	10.1262107406552	10.0744090432636	10.0025417483178	9.91073239962828	9.79912788696232	9.32793720728264	8.86966781770068	8.4240949903268	7.9910017789956	7.57017886530102	7.16142441841305	6.76454396870196	6.37935029526054	6.0056633274828	5.64331006093028
KGZ	1.369691904	2.09048894557069	2.90028146577753	3.75053573223291	4.69126400682246	5.47805282638992	6.28407215883602	7.3685441713282	8.54282660873128	9.81139339396625	11.1788956541582	11.6770016858518	12.1237271797073	12.5195715782836	12.8649952604392	13.1604193024138	13.4062251361556	13.6027540999604	13.7503068757824	13.8491428068068	13.8994790880201
KAZ	18.291990528	20.7041720051096	23.1953438302156	25.3573156518282	27.6333953797468	28.7507772096171	29.8577228147649	32.2959933116191	34.8692311137069	37.5825616028097	40.441286912517	39.9579095503774	39.4075523312141	38.7924828836195	38.114951214987	37.377192890741	36.5814322762771	35.7298858549934	34.8247656367142	33.8682826718566	32.8626506878906
HUN	46.680600576	47.9552099441072	47.8290118088498	46.7590081401491	45.6281498667343	43.1426807741621	40.7244573533999	40.3455049502387	39.8831272989366	39.3387758056442	38.7140514903796	35.819454100381	33.0655281076473	30.4487666697355	27.9657258196094	25.6130204999606	23.3873206185792	21.2853471120612	19.3038680046373	17.4396944482965	15.6896767296563
HRV	18.42722816	19.4199724675016	19.6327542451704	19.2189803514498	18.7809743572655	17.7468462676668	16.741910376053	16.5355854095792	16.2940374822038	16.0181310259465	15.7088077423637	14.738444703833	13.8046188881446	12.9066479424305	12.0438705519371	11.2156459033999	10.4213531816827	9.66039109918083	8.93217745761488	8.23614874197656	7.57175974652426
GEO	3.057455616	3.47861851592122	3.86082135562791	4.21456518804402	4.55517450437366	4.7383114856777	4.89217196180918	5.22807383746088	5.54615196492457	5.84269406613218	6.11379442203154	6.15053745806238	6.16254579758128	6.15084109947003	6.1164423111931	6.06036724071267	5.98363417397778	5.88726354518688	5.77227966757232	5.63971253307891	5.49059969001318
EST	5.473040384	5.60623840254276	5.59795375749866	5.4935356592901	5.38214486596164	5.09967489690834	4.82465846493102	4.8133629069986	4.79344131247224	4.76496848485473	4.72803047952077	4.39138590135551	4.07065980585793	3.76545076775001	3.4753643822596	3.20001280645348	2.93901430239415	2.69199278062569	2.45857734243155	2.23840181923257	2.03110430740495
CZE	55.707480064	57.5585820559665	57.9004790611104	56.8920949870664	55.7943209920225	52.6487504322594	49.5863774175879	48.7551232057069	47.8101283566772	46.7544411997925	45.5913739785165	41.6779080705009	37.9823789896462	34.4987081813616	31.2209012029003	28.1430401855523	25.2592762509146	22.5638218536328	20.0509430214935	17.7149514619789	15.5501965023556
BLR	12.736856064	13.7680489775462	14.4427712662079	14.8349901739939	15.192354495171	15.0304598608905	14.8276299482233	15.3039727304554	15.7390712945819	16.1274082454269	16.4631907601494	16.1161873680996	15.7437130804632	15.3471956882273	14.9280679304877	14.4877699244644	14.027751688156	13.5494757676523	13.0544199821153	12.5440803005618	12.0199738658412
BIH	4.527084032	5.21852309057867	5.69283455242239	5.96569503188988	6.23537805303696	6.26621838138612	6.28217598711473	6.55825454235393	6.82502554928739	7.08061606094314	7.32305579181436	7.19157739278379	7.04697772752994	6.88993468081838	6.72112749902639	6.54123791749904	6.35095132861615	6.15095799605503	5.94195432117974	5.72464416799185	5.49974025364468
BGR	12.60700672	13.3065797927744	13.6210920697526	13.6265839243381	13.5911077907455	13.0975785265105	12.580118139692	12.697170876946	12.76373931763	12.775373747172	12.7274164166979	12.3259247918919	11.9171677302978	11.5018429275761	11.0806554738315	10.6543191738891	10.223557929327	9.78910718925422	9.3517154774334	8.9121460040399	8.4711783711227
AZE	5.27261696	6.49306048501589	7.78130527505909	9.05672306095865	10.4321503073841	11.3806512782312	12.3331573179198	13.719651627794	15.1823489740076	16.723058671953	18.3436290587836	18.7760269107735	19.1507895823517	19.4682903134074	19.7288546724624	19.9327598848719	20.0802340230121	20.1714550506287	20.2065497125167	20.1855922595958	20.1086029982257
ARM	1.911584896	2.26285444508694	2.59926086630567	2.91547578473711	3.23786448846553	3.41939196234999	3.58496206068482	3.88301260100392	4.17776960612129	4.46734941752252	4.74976551570179	4.74699724349649	4.72230763190139	4.67683826464504	4.61173318691235	4.52814080835146	4.42721587519769	4.31012152078843	4.17803140449939	4.03213194998504	3.87362469456781
ALB	3.694329856	4.21703127200276	4.69931298701647	5.13461229014099	5.59255567414359	5.82873464580793	6.06298874944291	6.51755042137046	6.99270072735242	7.48892935432552	8.00673657945994	7.95691300872588	7.89354041622733	7.81689311929242	7.72723807215363	7.62483511089814	7.50993718867167	7.38279060158263	7.2436352057296	7.09270462575321	6.93022645529257
o_ME	2.20644812605863	2.86054192859663	3.22741563140042	3.61349739295886	3.9976689267786	4.6307450083072	5.25500501752049	5.91330544732979	6.55926642940692	7.19363034757312	7.81709822468796	7.66782746354564	7.51551071359965	7.36092493270386	7.20478313504156	7.04773464763119	6.89036635180061	6.73320470992605	6.57671839513796	6.4213213617004	6.26737621487814
ISR	115.48721152	125.154816601624	135.072570922713	139.076296155257	141.955255846345	154.325907262116	164.369782649581	172.552369007117	178.484456621716	182.4200194815	184.578969941169	172.347514933165	160.484342581766	149.004361388618	137.918350167962	127.233363436606	116.953135339751	107.078473534668	97.6076364421887	88.5366890569351	79.8598340550834
IRQ	25.85710592	33.8021140194824	42.7186372527843	55.8431870076192	70.5438867578652	92.8482342856665	117.93442480208	147.512642032372	180.053730622723	215.432818002515	253.523024256043	266.22817855742	278.295849038841	289.724922374888	300.518742870006	310.684509743261	320.232703631441	329.176549735163	337.531522520002	345.31489475458	352.545331918316
YEM	9.438454784	15.3191909739262	22.9409588057505	33.1044262702935	45.0050345200224	63.282739801412	84.7381932838719	111.976819831142	143.111661300645	178.056034511382	216.703278877465	243.06172865011	269.770129787604	296.67353030362	323.631482499897	350.517750135751	377.219831450397	403.638340730058	429.686286642211	455.28828072674	480.379704534417
SYR	18.042793984	23.8870937567115	30.9800554548181	38.7838650647073	47.3117423302331	60.2168351146821	74.3446675632196	90.2217068986893	107.213927051636	125.249751696945	144.262345128582	149.022690103499	153.31022023557	157.145737096117	160.55099175689	163.548324472536	166.160349405304	168.409683396851	170.318716741549	171.909423170273	173.203205770891
SAU	188.441870336	206.238392964782	224.65101252244	245.650329705123	264.549409324126	300.171830379243	332.63826967921	363.51211199616	390.940256197288	415.033110157396	435.91120189553	414.6313717053	393.731327541624	373.259334955126	353.255816724412	333.753902779036	314.780014156285	296.354462257527	278.492047956608	261.202648218367	244.491780720489
OMN	19.867881472	20.0506997133973	21.605714675007	23.6066595925598	25.4223187619802	28.8650449735762	32.0246424728114	35.0637500553372	37.7937250048035	40.2256124731386	42.3711106326461	40.8081596681038	39.2372128525506	37.6650076690343	36.0976018232024	34.5403927519533	32.998144794443	31.4750220888506	29.974625480632	28.500031961761	27.0538353928194
LBN	16.592371712	17.509537697389	18.497381553488	19.6815509173803	20.7926957213034	23.2548555033737	25.5363200337593	27.8177254435591	29.9095362453715	31.8335103771028	33.6084553335512	32.4402690368856	31.2920765026395	30.1663926722576	29.0653224379372	27.9905894890196	26.943566922	25.9253086357083	24.9365807052656	23.9778920909116	23.0495241860733
KWT	36.876283904	42.5642061966448	46.2135860769228	49.7056619706446	52.6255150018421	58.6270505262904	63.734076435328	68.6876756180191	72.7125168132066	75.8312992137583	78.0710287571927	70.9955247197167	64.3057380694294	57.994461111429	52.0526478161281	46.4697469010855	41.2340087170603	36.3327638153041	31.7526722970952	27.4799440312798	23.5005305870985
JOR	8.460424192	10.4942705445734	13.1626507049252	15.4404732507744	17.8371112300416	21.9372856260771	26.2992337606668	31.0569857270032	36.0323621636202	41.2097089803548	46.5746742964992	47.4840952456285	48.2871086455464	48.9887976616243	49.594415368089	50.1093052688436	50.5388323892382	50.8883245940584	51.1630235656922	51.3680447241766	51.5083452773173
IRN	101.065834496	116.134096737324	136.065104889687	160.059419798657	185.322755962671	223.468050348633	263.136327794753	306.894340650235	351.818896589366	397.767818384066	444.618939547302	450.239469555744	454.541197397507	457.615109955415	459.551250293993	460.437844810795	460.36059164637	459.402097666478	457.641449639585	455.153904425381	452.010682885269
BHR	7.970691072	8.51271989288884	8.98592005838935	9.49670515778204	9.9203636856752	10.9224672682317	11.7686124201223	12.5408574381919	13.1580798013457	13.6321117356652	13.9737055115943	12.8676855059037	11.8177546041939	10.8231477260398	9.88280162880109	8.99540447745677	8.15944191103062	7.37323921180428	6.63499937214504	5.94283700789223	5.29480818864396
ARE	70.591422464	84.6739532623126	93.4397325211538	100.56197676626	106.403598961671	118.574092156606	128.783363564951	139.111291522857	147.371829017022	153.573480686892	157.743735836165	141.57103301315	126.385060107047	112.159780150792	98.8652813950507	86.4685989231805	74.9344610417784	64.2259573002488	54.3051278382798	45.1334759861397	36.6724077045878
CHN	1370.036907008	1657.22038918012	1936.99426717352	2235.73083426481	2531.30425801976	2777.84502862605	3021.80829906626	3096.13116628271	3169.47290565902	3241.82173907143	3313.16589840917	3210.48085692072	3108.85119748412	3008.20916495114	2908.49570347976	2809.65936983464	2711.65542445417	2614.44506921727	2517.9948071087	2422.27590388877	2327.26393574513
PRK	15.610058214303	19.7344340929793	23.7891218103513	28.2909672723629	32.8844692442265	37.1863568138117	41.5658670823731	43.7379200674548	45.8840379288615	48.0045506059041	50.0997217478472	49.7292608372535	49.2695753013508	48.7274327284017	48.1088067720383	47.4189807762412	46.6626348508357	45.8439193281204	44.9665169446978	44.0336956338234	43.0483534522796
VNM	31.172517888	45.0562180934621	61.226487907054	80.2566824302543	101.502037151092	123.006370987253	146.260228439937	162.999010744028	180.365732988521	198.368294590322	217.014551071098	219.901452511556	222.03312725942	223.464520738429	224.243989758509	224.414153199225	224.012606032987	223.072520809676	221.623155887437	219.690285910071	217.296567049661
MNG	0.946532672	1.3375725884282	1.79175647476072	2.34282367883805	2.95527959337737	3.55874267927776	4.2057772702813	4.66006725128832	5.12704217620767	5.60689790593877	6.09982564879174	6.16830152060481	6.21452107738209	6.24022265044041	6.24694370600191	6.23604726134032	6.20874409933683	6.16611152715567	6.10910927569524	6.03859301991853	5.95532590839858
LAO	1.735146624	2.62630386746117	3.73714218716848	5.11451311961074	6.70297945075217	8.38006710029997	10.2376555147811	11.6530593825244	13.1443193717467	14.7122129581066	16.3575306622017	16.9482959791552	17.4873092319398	17.9762327561087	18.4163956992134	18.8088285371686	19.1542913023667	19.4532965611906	19.7061279620618	19.9128550046621	20.0733445453816
KHM	3.655794176	5.78390087847255	8.44023589246455	11.8530922818132	15.8497911908524	20.1961203251675	25.0687310400203	29.1933223027946	33.6084955235858	38.3168261333829	43.3209813431241	45.244322490246	47.0307412826244	48.6828791896227	50.2025949759175	51.5910361601277	52.8486964063476	53.9754610799325	54.9706427220613	55.8330078207155	56.5607959544104
USA	9764.800036864	10291.1319416369	10653.4145575011	10918.4613889115	11183.5082203219	11459.2532270125	11734.998233703	11719.0546512971	11703.1110688912	11687.1674864853	11671.2239040794	11522.2698619816	11373.3158198838	11224.361777786	11075.4077356883	10926.4536935905	10777.4996514927	10628.5456093949	10479.5915672971	10330.6375251993	10181.6834831015
o_W-OECD	10.2163913946753	10.8102547132529	11.0301395114776	11.1606108520918	11.2860074097305	11.1774163345289	11.0668020862815	10.7996817849963	10.5343699558474	10.2708838126785	10.0092409600891	9.64738610098418	9.28741871039299	8.92938364230396	8.57332735725511	8.21929801299036	7.8673455633817	7.517521866734	7.16988080478602	6.82447841396023	6.48137303070499
TUR	199.267319808	259.003863597073	323.307826873339	391.107108626451	465.67848328292	534.217497144909	606.818219696032	670.406505979122	735.858617246993	803.169055689271	872.331350626319	915.386097777298	956.452611238487	995.409316671926	1032.12429090277	1066.4541274969	1098.24264932414	1127.31944344952	1153.49818904546	1176.57474335772	1196.32494383771
SWE	239.567683584	246.025738274839	250.078698209006	252.847762675372	255.298741107614	253.397133714539	251.227425563284	246.575694060659	241.729027796377	236.687249937359	231.450240896904	220.632821167692	209.899602348459	199.256385026728	188.709483991461	178.265785388545	167.932811622178	157.718795252395	147.632763374789	137.684634255664	127.885328346914
PRT	106.456604672	114.806637531863	120.933407544032	124.879999959714	128.919864067085	129.805912483698	130.680986717213	130.376154930461	130.019916218585	129.6120083244	129.152171323684	127.442607671385	125.610466206166	123.652656311751	121.565962345596	119.347035268002	116.992383389459	114.498362107592	111.861162481633	109.076798463933	106.141092573288
NOR	166.906200064	172.619806390949	175.713601079127	177.768556362022	179.436008637128	178.208464611355	176.606906479901	172.504021111128	168.146851308975	163.535175417601	158.668846990398	148.981694689611	139.429506148947	130.019830186481	120.760836142649	111.661381048546	102.731085814565	93.9804218908222	85.4208101243642	77.0647338711462	68.9258688279051
NLD	370.638487552	384.475053778653	387.875300991029	388.364540770756	388.573647115077	384.796615533254	380.811709320858	371.96268039818	363.062013581512	354.110068092204	345.107242352707	331.534504170656	318.008360786211	304.533270069176	291.114119782999	277.756276657282	264.465642169687	251.248716123315	238.112669310788	225.065426805925	212.115763729265
MLT	3.806709248	4.14777998120398	4.39081053863911	4.62006301079005	4.85792249894321	4.99701758026756	5.13886254541995	5.20284503200565	5.26616218233232	5.32879682610294	5.39073100775466	5.40209374916292	5.40856603341596	5.40982408294278	5.40551578359866	5.39525754849367	5.37863075741537	5.35517770337918	5.32439696492481	5.28573810705447	5.2385955944859
LUX	19.603832832	20.4533763822248	21.2618217333182	21.9783551763981	22.6149834541577	23.0252110240937	23.3299412750104	23.4172116572597	23.3979451017315	23.2719136798606	23.0389129784332	21.6360343088732	20.2367511123079	18.8424915607064	17.4548432703666	16.0755722432871	14.7066444312605	13.3502503490142	12.0088332433512	10.6851214233998	9.38216547711439
ITA	1074.76320256	1113.20272778771	1126.84467380555	1124.05411847177	1120.85671459732	1096.45726732955	1072.31367951599	1042.12592445769	1012.30412111553	982.850776910874	953.76842057032	908.76000878423	864.474135370917	820.927701025211	778.138190021896	736.123701148695	694.902981279744	654.495461931784	614.921299204571	576.201417578875	538.357558132833
ISL	8.407626752	8.90255610110849	9.18473601408714	9.36925798441435	9.53700826212203	9.47559521451522	9.40064860241069	9.16095070463887	8.91550965662156	8.66432935407557	8.40741591830116	7.95913007648898	7.51662008465422	7.08016591288471	6.65006906878246	6.22665486971431	5.81027501744015	5.40131052362201	5.00017504384913	4.6073186889301	4.22323239579238
IRL	94.955773952	104.421144742113	113.638069192894	119.24161113802	124.644077962821	126.815802729846	128.737591477417	129.271501457469	129.571145584304	129.635855690153	129.465005431783	123.52151152007	117.63960918738	111.821987984933	106.071532663873	100.391343268964	94.7847578821145	89.2553784394837	83.8071001255677	78.4441449446906	73.1711001888923
GRC	112.125485056	118.940073513634	124.402095704174	128.553419305864	132.80321102992	134.433178440195	136.069327532307	136.77564769661	137.448301110913	138.086924969153	138.691146683975	136.332211999576	133.827915725154	131.176432574768	128.376003272597	125.424950342732	122.321696425351	119.064785547967	115.652907862592	112.084928459856	108.359920993596
GBR	1438.282678272	1487.06992674398	1513.58405673765	1532.19648133961	1549.27386131682	1539.64956919607	1528.75563696255	1502.83378913675	1476.02460763701	1448.32723304979	1419.74106331949	1365.23128066208	1310.65805963083	1256.04212165486	1201.4067231163	1146.77796302036	1092.18513354618	1037.66112046377	983.242861723916	928.971874137679	874.894860030093
FRA	1327.96383232	1385.89024427456	1419.38188258127	1437.98124228411	1455.45738353922	1446.53710500384	1436.75721698028	1412.20803620754	1387.14584268181	1361.57039202049	1335.48160357853	1284.72767474341	1234.13026943774	1183.7030815549	1133.46109989002	1083.4207550781	1033.60008658319	984.018932982147	934.699149399369	885.664856694016	836.942727913297
FIN	119.905107968	122.961096417452	124.559877351463	125.058533049124	125.463615734696	123.263584730333	121.039437465347	117.497945225582	113.977754666058	110.479131230999	107.00234867789	102.712574266836	98.4439528320609	94.1979109342814	89.9760007406309	85.7799139546481	81.611497632657	77.4727721909331	73.3659519654666	69.2934687560415	65.2579988718174
ESP	580.673470464	644.864010196569	681.191492434596	699.566025365595	718.185626898783	718.896577691413	719.650828947801	715.572823233373	711.472647081477	707.349584681683	703.20288555303	680.452029839096	657.651597139368	634.802481381513	611.905775624487	588.962798640879	565.975125305196	542.944621413353	519.873483677345	496.764285783551	473.620031579835
DNK	158.225924096	161.5267185571	161.843582410041	160.723854109406	159.438790779665	155.730975887379	151.958308054838	146.466463576867	140.995896474521	135.547056633367	130.120413178522	123.485798450581	116.915349353921	110.413239010622	103.984003596812	97.632582442317	91.3643635531033	85.1852354311068	79.101646231057	73.1206714946987	67.2500919483751
DEU	1900.221169664	1930.85299939933	1921.1698237982	1895.21006756989	1868.28532301495	1809.41207836895	1751.29181668527	1680.4692622896	1610.94092216789	1542.71465500447	1475.79833510497	1415.84309718722	1356.24410003412	1297.02146010743	1238.19695401699	1179.79419848502	1121.83885449112	1064.35885948929	1007.38469232196	950.949676349022	895.09032740111
CYP	9.147165696	10.1254222100946	10.9749560346293	11.8195233815146	12.6952480788085	13.3456670932739	14.0078244503187	14.5248330362816	15.046984211989	15.5742016646841	16.1064027779748	15.9185588672063	15.7197061972609	15.5093100630588	15.2867945829692	15.0515383527716	14.8028695211847	14.5400601941726	14.2623200577698	13.9687890878997	13.658529189665
CHE	246.04925952	252.148877574915	254.109845502943	254.399732553559	254.291536712765	250.363332492699	246.12519925053	239.432653897857	232.533881656486	225.428940558075	218.117963705794	203.763459856945	189.762984715165	176.12571242591	162.861207100324	149.979450456326	137.4908724876	125.406385610332	113.737422819971	102.495980490504	91.6946665710173
CAN	714.458267648	760.047313704793	793.496849949278	821.449204428411	848.441650226805	859.320395656452	868.927647147662	867.339206518667	864.692272648086	860.983841315103	856.211098151938	821.41729786181	786.817168746066	752.422680857063	718.2468271816	684.303735927905	650.608797965398	617.178811859444	584.032149403787	551.188945114059	518.671313831135
BEL	228.417175552	235.991086241772	238.653705285864	239.216435939791	239.621370736413	235.99313765048	232.31048171888	226.212807612961	220.133992167635	214.074423552964	208.034506365541	200.076521158769	192.146836534627	184.247621216492	176.381242272914	168.550287390617	160.757590176343	153.006258976989	145.299709799821	137.641704027011	130.036391756255
AUT	193.838219264	200.325283636296	203.423754914027	203.525214993995	203.471354036948	199.838112303048	196.156367453074	190.353770254832	184.579172339682	178.833000508861	173.11569710173	164.427953147889	155.890065286033	147.50589340555	139.279459736414	131.214960222016	123.316777128205	115.589493071557	108.037906683382	100.667050166693	93.4822090530321
o_SEA3	19.1742923879137	26.3162312580114	36.5066634442723	48.0955120764081	60.4723974184396	78.8216575491189	98.5469407744048	115.669683366194	133.410746905097	151.672050007987	170.369493701494	174.545175438503	178.705944680868	182.850977290404	186.979581608412	191.091176022808	195.185270915162	199.26145402176	203.319378478791	207.358752994835	211.379333721999
o_SEA2	43.0503597768341	51.3991921640694	61.6453227248422	72.0741931580822	82.1008086414401	96.0731310842555	109.584582099558	116.218516656507	122.55300459358	128.606482898542	134.398164182187	132.909285684767	131.451740279288	130.022715466906	128.619785944194	127.240848551472	125.884069916584	124.547843994526	123.230757387323	121.931560830166	120.649145601435
o_SEA1	0.57358756996379	0.692853601816441	0.836744802094619	0.983252944621481	1.12483124223676	1.32705946172164	1.52499277913047	1.62937359032862	1.73094957749803	1.82984625903116	1.92620866899561	1.89467430139102	1.86514804014521	1.83741492821537	1.81128990683851	1.78661278958743	1.76324421731776	1.74106237769957	1.71996032587636	1.69984378154754	1.6806293064853
WSM	0.230901296	0.264240112730553	0.306684958711718	0.345609027418699	0.380487885449835	0.435288719444787	0.48617741224996	0.497241464115776	0.506417676648334	0.513960734721118	0.52009425971391	0.517850899363777	0.516023719741068	0.514565572653668	0.513435886892562	0.512599562456629	0.512026080588568	0.511688782031163	0.511564277540771	0.511631963221273	0.511873619559338
VUT	0.24455968	0.304961497867395	0.383747904904084	0.468099208741646	0.552344395427655	0.671312615298942	0.79125321391924	0.867601408180455	0.943358159686521	1.01837642125453	1.09255831996363	1.08255919937622	1.0736218230754	1.06562855009026	1.05847813148353	1.05208295455872	1.04636682490607	1.04126316768266	1.0367135585006	1.03266651554597	1.02907650029597
TON	0.153462048	0.168486184103525	0.190721897351426	0.212030822128591	0.230415128479206	0.260889798682684	0.288504278916246	0.29788501844248	0.306302963419794	0.313881486004347	0.32072980830149	0.311812252195459	0.303548502849948	0.295867917811305	0.288709685090916	0.282021170605689	0.275756588141692	0.269875920717989	0.264344039604935	0.259129979993505	0.254206341753788
THA	122.725244928	136.500179626119	152.799057123863	166.267096268387	176.951192492249	193.137362280164	206.11551633139	205.026202720345	203.191666936945	200.770218053289	197.892900244192	188.162741032291	179.167944928109	170.828956081604	163.077290219395	155.853673440255	149.106544254216	142.790838762617	136.866998447644	131.300154391029	126.059452375147
SLB	0.299277024	0.397864527149484	0.525257017547681	0.668153222728757	0.819299954446402	1.02928179331121	1.25100276777632	1.41014537121164	1.5731846660259	1.73946195047877	1.90841718069711	1.93801335836045	1.96669211128222	1.99454134643674	2.021636819806	2.04804417828601	2.07382060309102	2.09901614253328	2.12367480058541	2.14783543188802	2.1715324821998
SGP	91.476107264	100.661487830444	110.097811427408	115.80169874172	118.67101170475	124.037788924857	126.265504208588	117.44582103598	108.351829980849	99.1496673805316	89.9674229394839	77.382295135906	66.0750145844319	55.9048949755074	46.7508467551088	38.5080826194064	31.0854659862267	24.4033606537316	18.3918744996691	12.9894154774862	8.14149698803416
PYF	3.447543296	3.8304631414448	4.22209764131051	4.53986164826792	4.74950125066689	5.05852497673861	5.2449780719297	5.04584465367076	4.81639663627776	4.56238386860274	4.28862626898788	3.78389720648291	3.32132869154394	2.89633138738577	2.50495484856757	2.14378011730178	1.80983328131906	1.50051537083639	1.21354510156262	0.946911798831676	0.698836451580148
PNG	3.419955456	4.58837882221675	6.03696237034734	7.65002332780568	9.35336301394786	11.7441118671175	14.2694444982438	16.0501716659389	17.870571143303	19.7235199712457	21.603007839442	22.0574049469756	22.4959050414557	22.9200713312984	23.3312506202408	23.7306096759618	24.1191645009031	24.497804070499	24.8673097216028	25.228371093474	25.5815993159124
PHL	75.912536064	94.9209818646535	118.646794317613	143.480299599478	168.395856263481	201.895988879972	235.458674198619	254.138879987909	272.549978180589	290.685704562371	308.546421387752	306.437897076367	304.463128111417	302.607717234197	300.859270280373	299.207059451583	297.641752304867	296.15519196781	294.740217628088	293.39051694247	292.100503934202
PAK	73.320964096	98.9766892720947	132.941111049169	173.849080388173	218.191512777004	277.941902913549	341.884979971731	389.262714795316	438.047970415732	488.020206857728	538.990004584675	557.20672775728	574.882664206641	592.069449104281	608.811581824875	625.147625063231	641.111169929561	656.731618629543	672.03482372688	687.043613740244	701.778227975768
NPL	5.494252032	9.17045537234732	14.1112689648836	20.2114006151787	27.1525433349884	36.6660910012948	47.2746152994929	56.1117274269728	65.4024953642467	75.0915727519268	85.1295573393072	89.4461961062535	93.5852536489103	97.5647148112214	101.400070487072	105.104736787973	108.690392404411	112.167252200825	115.544290676526	118.829425692871	122.02967047218
NCL	2.682347008	2.9939860461881	3.35044833169364	3.63100197328436	3.82644595353489	4.13415300589627	4.34468207372529	4.24454334051154	4.11279013981589	3.95372453494266	3.77111877613	3.34048611916854	2.94573049438868	2.58294716038427	2.24877495868431	1.94030493234922	1.65500677911599	1.39066920620828	1.14535121483538	0.917342047016338	0.705128049453001
MYS	90.319740928	104.034406841056	119.576429631944	133.1918388253	144.39625143497	159.739962212301	172.271257995537	172.839733941756	172.48622025728	171.335170084292	169.495847684393	157.486224946406	146.400418330033	136.1383942349	126.614041126847	117.752829141492	109.489926453382	101.768671684562	94.5393262364459	87.7580484749223	81.3860450699314
MDV	0.624333056	0.718312769212176	0.846716236553684	0.979439417819646	1.10057610757729	1.26220267167728	1.40992746077732	1.46482547320727	1.51361450439326	1.55684182140874	1.59502607343257	1.55623482593126	1.51984239720028	1.48559300055725	1.45326641924521	1.42267202714364	1.39364397642995	1.36603729485494	1.33972469816993	1.31459396934742	1.29054579039825
LKA	16.331874304	19.0642620707459	22.4571048800711	25.7369401791233	28.763211706397	32.7603210061169	36.3931111096109	37.4448647871048	38.2920329512205	38.9528097328222	39.4444655272183	38.8728640839602	38.3046621310771	37.7397857397614	37.1781691254471	36.6197532982634	36.0644849766598	35.5123157061708	34.9632011394666	34.4171004442341	33.8739758131356
KOR	511.658524672	537.606204161285	566.51041145237	579.362349260366	578.510528567029	590.12742276657	587.065447202491	538.454761816545	489.970576388695	442.428150996026	396.428685224422	347.008002897424	302.443856067353	262.202474125077	225.824430922777	192.912146426892	163.11982762803	136.145310801586	111.723398637564	89.6203821290159	69.6295085150733
IND	457.370894336	628.667342053708	845.760645891033	1087.7012399998	1344.43217978725	1681.32315360633	2033.18141754657	2268.81037701137	2504.66007735002	2739.97187884961	2974.18004748021	3021.3437197041	3062.43321700402	3098.12319015878	3128.99427280615	3155.54888750496	3178.22396698045	3197.40127081842	3213.41581166675	3226.56278312703	3237.10329121437
IDN	165.020483584	203.974282433784	251.589515851979	299.762339105538	347.297256796912	412.036718801123	475.893201819323	510.027299603221	543.030459537664	574.932497978373	605.776500138228	602.415859053268	598.842198202809	595.081912627741	591.157699600775	587.089180468356	582.893401127816	578.585237903217	574.177729044305	569.682347278105	565.109225289809
FSM	0.2157	0.237530672854229	0.264291676363253	0.290164520282205	0.311440882674189	0.349581843183852	0.383195702394465	0.387509904733725	0.390411133489996	0.392137918620648	0.392893099235711	0.380747567062421	0.369498814166352	0.359049916457777	0.34931743782446	0.340229162720658	0.331722271277301	0.323741859348378	0.316239729751121	0.309173398440845	0.302505272315649
FJI	1.652776448	1.82578420915478	2.03738921780736	2.21037978970663	2.34561783058193	2.57772751019461	2.76925815527929	2.7644629301523	2.7496252824709	2.72678535012708	2.69764005740912	2.56384652895153	2.44020913768965	2.32562880081517	2.21915939438877	2.11998203993085	2.02738440939259	1.94074394185165	1.85951413566191	1.78321327805462	1.71141512109573
BTN	0.487539264	0.634756429858716	0.784278896408044	0.946168226303167	1.10862957738733	1.31956487433912	1.52900825119219	1.6431959034483	1.75477125022262	1.86377201025434	1.97027464134737	2.00671584436559	2.04296019858113	2.07900801683711	2.11485972155693	2.15051582492675	2.18597691296106	2.22124363259456	2.25631668115351	2.29119679771252	2.32588475595675
BGD	45.52443904	67.6987801348082	96.2805598642438	129.763600224208	166.497803419638	216.009365322762	269.517950182233	309.590760310336	350.727212966744	392.730083260139	435.43360109153	448.603764139821	460.753734546107	471.993745501078	482.418690335578	492.110701242328	501.14122471926	509.572704717662	517.459957362205	524.851301226246	531.789492412862
JPN	4746.06731264	4966.35212175619	5054.87249528284	5108.71725088045	5158.03256893224	4968.40669576194	4778.16371633386	4541.97937920719	4306.26934265233	4071.27657558104	3837.27570011069	3680.74110510145	3525.33687566406	3371.13793396831	3218.22363178437	3066.67796374018	2916.58978186942	2768.05300954805	2621.16685251266	2476.03600419135	2332.7708420495
NZL	52.125302784	61.4147816607543	69.6295185040344	78.600094665011	88.3634183909655	95.1404150795789	102.095566319733	107.577899179484	113.021247187853	118.388517234026	123.637569580297	126.060421211051	128.264149935671	130.23466537246	131.957061402788	133.415578224746	134.593564368872	135.473439048313	136.036655292009	136.263664396532	136.133882331132
AUS	387.538255872	441.036557854591	487.625266159654	539.712489521068	595.536402863324	630.979322960476	666.861194763859	694.488647815616	721.680785146934	748.231730956879	773.909002865794	776.344338889709	777.868432247914	778.420451152305	777.935949951348	776.346693819018	773.580482191078	769.560972478446	764.207505915571	757.434937777797	749.153474630478
