CC	2000	2005	2010	2015	2020	2025	2030	2035	2040	2045	2050	2055	2060	2065	2070	2075	2080	2085	2090	2095	2100
o_LA	53.2016429152568	52.4616417022707	51.103788221552	49.650367824539	48.1832300265175	46.4246481913373	44.6723126726877	42.0042861604438	39.4139099360513	36.90118399951	34.4661083508201	32.4054615810795	30.3952665736414	28.4355233285058	26.5262318456727	24.667392125142	22.8590041669139	21.1010679709882	19.393583537365	17.7365508660443	16.1299699570261
VEN	117.147615232	123.988012834462	130.055323040384	134.795177661292	138.829233275794	140.887656125938	142.343000374269	140.839018307404	138.939336568755	136.643955158322	133.952874076105	126.862623884662	119.804301910871	112.777908154733	105.783442616247	98.8209052954139	91.8902961922334	84.9916153067055	78.1248626388301	71.2900381886073	64.4871419560371
VCT	0.335185184	0.336005772382355	0.336430663590131	0.332422339331849	0.328216166486278	0.31869258544783	0.309234953938478	0.290131748979819	0.271622089783027	0.253705976348103	0.236383408675047	0.226725400932795	0.217229966448315	0.207897105221608	0.198726817252673	0.189719102541511	0.180873961088121	0.172191392892504	0.16367139795466	0.155313976274588	0.147119127852288
URY	20.670509056	19.9455104388734	19.4473397051462	18.995940947332	18.5163535880146	17.9427327364183	17.3469803381872	16.5692789088767	15.7856369065221	14.9960543311235	14.2005311826808	13.2869721961572	12.3817145938552	11.4847583757751	10.5961035419166	9.71575009227992	8.84369802686495	7.97994734567172	7.12449804870023	6.27735013595047	5.43850360742245
TTO	8.154315776	7.98751941223	7.81571751596583	7.62429763233078	7.4223090657949	7.1129766241923	6.80200016524957	6.38650209860012	5.97981126770137	5.58192767255331	5.19285131315594	4.81369486422951	4.44320379276567	4.08137809876443	3.72821778222579	3.38372284314974	3.0478932815363	2.72072909738546	2.40223029069721	2.09239686147157	1.79122880970853
SUR	0.89159776	0.913595229840008	0.928841116945717	0.932614438842758	0.93603195164644	0.925609233638821	0.915162795024977	0.877918243156478	0.841326007959136	0.805386089432952	0.770098487577924	0.754860655559849	0.739759317801379	0.724794474302513	0.709966125063252	0.695274270083595	0.680718909363544	0.666300042903097	0.652017670702255	0.637871792761017	0.623862409079385
SLV	13.134147584	13.9537334215238	14.7493891071748	15.5057495801012	16.2364170099552	16.8650564948965	17.4701188344302	17.757137719782	18.0289743524092	18.2856287323118	18.5271008594898	18.2348092312292	17.9430134349782	17.6517134707368	17.3609093385049	17.0706010382825	16.7807885700697	16.4914719338665	16.2026511296728	15.9143261574887	15.6264970173141
PRY	7.721718784	8.56038380575368	9.40755111369312	10.2332559382173	11.065771904701	11.8143668005772	12.5689920644511	13.1380656310289	13.7115350184892	14.289400226832	14.8716612560572	15.1127331900495	15.3553019381693	15.5993675004165	15.8449298767913	16.0919890672936	16.3405450719235	16.5905978906808	16.8421475235657	17.095193970578	17.3497372317179
PRI	61.04489984	60.0118256501188	58.7586326992441	57.1975469687494	55.4958170226454	53.2525838050749	50.9153485862554	47.8764932457722	44.823645240981	41.7568045718817	38.6759712384743	34.8830196242049	31.2008667592777	27.6295126436928	24.1689572774501	20.8192006605498	17.5802427929917	14.4520836747759	11.4347233059024	8.52816168637117	5.73239881618221
PER	53.08567552	55.7389736549682	58.3302077692379	61.2455151019764	64.0700312529505	66.199153359049	68.2529730697401	69.0177449037366	69.7391257245064	70.4171155320495	71.051714326366	69.8546283498995	68.6637781087774	67.4791636029994	66.3007848325657	65.1286417974763	63.9627344977311	62.8030629333301	61.6496271042733	60.5024270105608	59.3614626521925
PAN	11.62050048	12.348573223294	12.9913395443295	13.5039857207051	13.9552847468574	14.2498471585425	14.4898129751447	14.4287038266131	14.3317693635205	14.199009585867	14.0304244936526	13.4264727783064	12.8225914716787	12.2187805737698	11.6150400845796	11.011370004108	10.4077703323551	9.80424106932088	9.20078221500534	8.59739376940847	7.99407573253028
NIC	3.936327936	4.42839534368218	4.96076835935701	5.57876658496843	6.23132121095171	6.84418138627517	7.48547859940465	7.98186533081601	8.49349047489136	9.02035403163069	9.562456001034	9.99691836242163	10.4384996701428	10.8871999241974	11.3430191245856	11.8059572713072	12.2760143643624	12.7531904037511	13.2374853894733	13.728899321529	14.2274321999182
MEX	581.426413568	585.636480318855	596.000792150116	599.157490793747	600.12795439224	592.47954246747	583.219884258703	560.439506025055	537.21691884233	513.552122710528	489.445117629647	457.283585439621	425.609602224971	394.423167985696	363.724282721796	333.512946433272	303.789159120124	274.552920782351	245.804231419954	217.543091032932	189.769499621286
LCA	0.6832	0.695619553800242	0.714075003943957	0.723588927348633	0.730642251534149	0.727751668851645	0.722979451472137	0.706832127596404	0.689599245241631	0.671280804407816	0.65187680509496	0.615663048891407	0.579947983601416	0.544731609224987	0.51001392576212	0.475794933212815	0.442074631577072	0.408853020854891	0.376130101046272	0.343905872151215	0.31218033416972
JAM	8.027264512	8.11044184434686	8.12338723559323	8.0790742432872	8.02588730796181	7.87684948567584	7.7238336889329	7.39690664839409	7.07613781831269	6.76152719868869	6.4530747895221	6.20581130461958	5.96097892781881	5.7185776591198	5.47860749852253	5.24106844602702	5.00596050163326	4.77328366534126	4.543037937151	4.3152233170625	4.08983980507575
HTI	3.696529664	4.5378465839698	5.48388865139225	6.51577320204019	7.63447653681381	8.79918544306319	10.0442188149406	11.2577399889001	12.5362328316886	13.879697343306	15.2881335237523	16.1965366900213	17.1090565740154	18.0256931757346	18.9464464951788	19.8713165323481	20.8003032872425	21.733406759862	22.6706269502066	23.6119638582763	24.557417484071
HND	5.962758144	6.78455669162919	7.70757079728748	8.71207931902804	9.76134994816045	10.7556437718134	11.789256484636	12.6256751940854	13.4891731539645	14.3797503642733	15.2974068250117	15.7432272532657	16.1927295142254	16.6459136078908	17.1027795342618	17.5633272933384	18.0275568851207	18.4954683096087	18.9670615668023	19.4423366567016	19.9212935793065
GUY	0.712328832	0.739353485039339	0.753281910560532	0.758776653106649	0.763341300144259	0.761933643736869	0.759325864092696	0.725120168241112	0.688169190485388	0.648472930825525	0.606031389261521	0.602356586621012	0.597851888110286	0.592517293729344	0.586352803478186	0.579358417356811	0.57153413536522	0.562879957503412	0.553395883771387	0.543081914169146	0.531938048696689
GTM	19.290566656	21.7411474304895	24.4866926304647	27.5298734228494	30.5456844565977	33.4383043377499	36.3043945659427	38.5532381815939	40.7807770120491	42.9870110573084	45.1719403173716	45.518066592325	45.8592532796347	46.1955003793006	46.5268078913228	46.8531758157012	47.1746041524358	47.4910929015266	47.8026420629737	48.109251636777	48.4109216229365
ECU	15.94164224	17.0993510973023	18.2235892181331	19.4830941897403	20.7646209413088	21.8649019395989	22.9831057232041	23.6679665426815	24.3618300198633	25.0646961547495	25.77656494734	25.9047390272027	26.0306455270703	26.1542844469427	26.27565578682	26.394759546702	26.5115957265889	26.6261643264807	26.7384653463772	26.8484987862786	26.9562646461848
DOM	19.703281664	21.0159014351927	22.2680237241136	23.3891800491436	24.4637003210048	25.2687414395545	26.0344525923278	26.2365953908363	26.417178403418	26.5762016300728	26.7136650708007	26.0426834830209	25.3787550593526	24.7218797997956	24.07205770435	23.4292887730158	22.793573005793	22.1649104026816	21.5433009636815	20.9287446887929	20.3212415780156
CRI	15.946326016	17.0233603615638	17.7727801053607	18.3183267688838	18.7878624301898	19.0233034547527	19.1941786689217	18.9761302130226	18.7188322134256	18.4222846701304	18.0864875831373	17.2015861592345	16.3245905648555	15.4555008000003	14.594316864669	13.7410387588614	12.8956664825777	12.0582000358178	11.2286394185818	10.4069846308695	9.59323567268107
COL	83.778625536	89.349547584526	94.149963558688	98.2961526877492	102.324856346867	105.27749498955	108.134813988611	108.857398923764	109.532939144278	110.161434650154	110.742885441392	109.388475965344	108.033953731952	106.679318741216	105.324570993135	103.969710487709	102.614737224939	101.259651204824	99.9044524273651	98.5491408925614	97.1937166004133
CHL	75.775148032	77.3903031471519	78.5083889427318	78.9638641131218	79.1675455483022	78.3727733052859	77.387440886586	74.8996871402506	72.3385702358491	69.7040901733815	66.9962469528479	63.4106001265468	59.8390898160526	56.2817160213651	52.7384787424845	49.2093779794107	45.6944137321438	42.1935860006836	38.7068947850302	35.2343400851837	31.775921901144
BRA	601.732022272	627.903175906123	649.991315962516	664.567902244717	677.164825218129	681.035466514963	683.352529104736	673.373761271609	662.565579527219	650.927983871567	638.460974304653	609.066308771316	580.096573834312	551.551769493642	523.431895749306	495.736952601303	468.466940049634	441.621858094298	415.201706735297	389.206485972628	363.636195806294
BOL	8.397858304	9.52873796012578	10.6910752411878	11.851255785551	13.0564978002709	14.1854841181569	15.3536153101053	16.284112715264	17.2408842944889	18.22393004778	19.2332499751373	19.7872979537887	20.3471327521695	20.9127543702796	21.4841628081192	22.0613580656882	22.6443401429866	23.2331090400144	23.8276647567716	24.4280072932582	25.0341366494742
BLZ	0.832	0.912083204673965	0.983294346477586	1.04434617706491	1.10019567037439	1.14055432093368	1.17634951774048	1.18966053432179	1.19959459512625	1.20615170015387	1.20933184940464	1.16211686493878	1.11511303505511	1.06832035975362	1.02173883903432	0.975368472897191	0.929209261342249	0.883261204369488	0.83752430197891	0.791998554170513	0.746683960944299
BHS	4.88	4.96737077105158	5.02567139471375	5.04097652147964	5.02866500822559	4.94508540747077	4.83897644248915	4.64147352098131	4.43052565630586	4.20613284846281	3.96829509745215	3.6143220649578	3.26530567658161	2.9212459323236	2.58214283218376	2.24799637616209	1.91880656425859	1.59457339647326	1.2752968728061	0.960976993257115	0.651613757826296
ARG	284.20374528	286.581285204208	288.816281557912	289.036727934522	288.107981919629	283.870627740377	278.698711552239	269.469463671461	259.650288853316	249.241187097804	238.242158404925	221.728002184767	205.321431736467	189.022447060025	172.831048155441	156.747235022715	140.771007661847	124.902366072837	109.141310255686	93.4878402103922	77.9419559369567
o_AFRICA	6.34954843025062	7.28925452914229	8.27975563946292	9.32548934319501	10.3406366024679	11.3193840339425	12.2677032949266	13.1695126681486	14.0413439624787	14.883197177917	15.6950723144633	16.4067294780065	17.0904909863492	17.7463568394912	18.3743270374326	18.9744015801734	19.5465804677136	20.0908637000532	20.6072512771922	21.0957431991306	21.5563394658684
LBY	34.495012864	36.4476617494894	38.2989092553152	39.5176591133789	40.4056915578349	40.1281965626939	39.6183769901428	38.4959338138118	37.1919778829429	35.7065091975362	34.0395277575916	31.1044572991916	28.1859932044028	25.2841354732253	22.398884105659	19.530239101704	16.6782004613602	13.8427681846277	11.0239422715064	8.22172272199631	5.43610953609751
ZWE	7.39922432	7.66633207232652	8.03593031447947	8.46874422660346	8.9010824827927	9.29562962822651	9.68974176122334	10.0461440704603	10.402152010758	10.7577655821165	11.1129847845357	11.098492565403	11.0840095512615	11.0695357421114	11.0550711379524	11.0406157387847	11.0261695446083	11.0117325554232	10.9973047712293	10.9828861920267	10.9684768178153
ZMB	3.237720064	3.70997170148259	4.25019526502071	4.86917484604771	5.52262867743489	6.23109905106643	6.97550695126114	7.71991667967487	8.49787436433863	9.30938000525244	10.1544336024163	10.6634501378179	11.1843235357664	11.7170537962617	12.2616409193038	12.8180849048927	13.3863857530284	13.966543463711	14.5585580369403	15.1624294727165	15.7781577710395
ZAF	132.877647872	134.685409714194	132.660493056534	129.452146463252	126.008581740571	122.273644053252	118.309125016471	113.296211150536	108.145078743262	102.855727794649	97.4281583046962	90.4661510039291	83.5664674462266	76.7291076315885	69.954071560015	63.241359231506	56.5909706460616	50.0029058036816	43.4771647043662	37.0137473481153	30.6126537349289
UGA	5.926505984	7.43791466493273	9.32226697672264	11.7457047173706	14.3840862020799	17.5766187325394	21.019442589489	24.8728636790739	28.9917045221741	33.3759651187896	38.0256454689204	42.0462274614158	46.2612150598912	50.6706082643469	55.2744070747826	60.0726114911984	65.0652215135944	70.2522371419704	75.6336583763266	81.2094852166629	86.9797176629793
TZA	9.079262208	10.9174209734317	13.0292748317081	15.4254558716671	17.9911946982323	20.7437785137986	23.6674704294629	26.5255770581076	29.535312097825	32.6966755486151	36.0096674104778	37.7364166269775	39.4919832690518	41.2763673367008	43.0895688299245	44.9315877487228	46.8024240930958	48.7020778630435	50.6305490585658	52.5878376796628	54.5739437263345
TUN	19.468374016	19.8333278897813	20.15345940812	20.3285331640458	20.4272445040349	20.2565623688405	20.0263496097719	19.3609432870525	18.6718923040551	17.9591966607796	17.222856357226	16.0737300231815	14.9469120596066	13.8424024665014	12.7602012438657	11.7003083916997	10.6627239100033	9.64744779877656	8.65448005801943	7.68382068773193	6.73546968791405
TGO	1.3291104	1.6384219228199	1.9886369582408	2.38239403365008	2.80708788341296	3.26436385221303	3.75274274345668	4.22240850587125	4.71860811825505	5.24134158060809	5.79060889293035	6.11363998159117	6.44361471528604	6.78053309401496	7.12439511777793	7.47520078657494	7.832950100406	8.19764305927111	8.56927966317028	8.94785991210348	9.33338380607074
TCD	1.3902752	1.87640847474932	2.40911200360914	3.06144301196589	3.78873831761456	4.70372122411877	5.71110005959671	6.86265855719234	8.11354837166359	9.46376950301047	10.913321951233	11.9421506479248	13.0153748514838	14.13299456191	15.2950097792035	16.5014205033642	17.7522267343921	19.0474284722873	20.3870257170497	21.7710184686794	23.1994067271762
SWZ	1.388703232	1.43534227467234	1.43740896110879	1.42969106841932	1.41984375540218	1.40109300270505	1.38065339940322	1.35958052043492	1.33674536257475	1.31214792582272	1.28578821017883	1.23546588092997	1.18517515372876	1.13491602857518	1.08468850546925	1.03449258441095	0.98432826540029	0.93419554843727	0.884094433521889	0.834024920654146	0.783987009834043
STP	0.046484292	0.0526845827140635	0.0588483552684283	0.0667835191975307	0.075112699789892	0.0848198864474548	0.0949826548719106	0.104346339656567	0.114091728083756	0.124218820153477	0.134727615865729	0.140632218250172	0.146655872374272	0.15279857823803	0.159060335841446	0.165441145184521	0.171941006267253	0.178559919089643	0.185297883651692	0.192154899953398	0.199130967994762
SLE	0.63378656	0.905448379123042	1.1380253583448	1.4343190703747	1.76482869083026	2.16488863834297	2.60536366334951	3.10401194292287	3.64572582810755	4.23050531890354	4.85835041531085	5.18889704317148	5.52338635626318	5.86181835458595	6.20419303813979	6.55051040692471	6.9007704609407	7.25497320018775	7.61311862466588	7.97520673437508	8.34123752931535
SEN	4.384747008	5.08466808027336	5.85287053031431	6.65576387436649	7.48276405397902	8.32947446911543	9.20014543112626	10.0324915446332	10.8867925101364	11.7630483276359	12.6612589971317	13.0740837618668	13.4935146591206	13.919551688893	14.352194851184	14.7914441459936	15.2372995733219	15.6897611331688	16.1488288255343	16.6145026504185	17.0867826078212
SDN	12.191583232	13.8822023631738	15.9497107124166	18.1365524123384	20.4169569788773	22.7117798067681	25.0961451803051	27.3219884054897	29.6253823459113	32.0063270015698	34.4648223724653	35.5359785133575	36.6201133495475	37.7172268810354	38.8273191078212	39.9503900299049	41.0864396472864	42.2354679599658	43.3974749679431	44.5724606712183	45.7604250697914
RWA	1.810880128	2.20994999010056	2.7262345027142	3.3457456481931	4.02109658464427	4.71888832631671	5.46868421836747	6.28355967609444	7.1517862184548	8.07336384544858	9.04829255707576	9.65127066821978	10.2712726968664	10.9082986430156	11.5623485066675	12.233422287822	12.921519986479	13.6266416026387	14.348787136301	15.0879565874659	15.8441499561335
NGA	42.078142464	49.3742709610799	57.2052807412226	65.6078454328011	74.4296744918058	83.4660549340004	92.9092854879307	102.161633834361	111.786656931352	121.784354778904	132.154727377016	137.942154758911	143.847994146877	149.872245540916	156.014908941025	162.275984347207	168.65547175946	175.153371177785	181.769682602181	188.504406032649	195.357541469189
NER	1.798365184	2.42063518912873	3.21075100253074	4.26048174561886	5.44417849440973	7.0527831750724	8.8409535483424	11.199271600521	13.7900772295377	16.6133704353925	19.6691512180853	22.5614413054249	25.6440053735557	28.9168434224778	32.3799554521911	36.0333414626957	39.8770014539915	43.9109354260786	48.1351433789569	52.5496253126264	57.1543812270872
NAM	3.413544704	3.54461936576279	3.65146135109861	3.73889100184382	3.80954046109183	3.84758534727334	3.87015035199987	3.82985933719505	3.77832992845391	3.71556212577644	3.64155592916265	3.48513688662006	3.3252413683341	3.16186937430477	2.99502090453207	2.824695959016	2.65089453775655	2.47361664075374	2.29286226800755	2.108631419518	1.92092409528507
MWI	1.74350656	2.26719002821504	2.8996371404124	3.66224471859139	4.51292935492448	5.48858151533441	6.55845664094688	7.69211437039204	8.91564796005425	10.2290574099335	11.6323427200299	12.6410543662034	13.6858287638912	14.7666659130932	15.8835658138095	17.03652846604	18.2255538697847	19.4506420250436	20.7117929318168	22.0090065901042	23.3422829999058
MUS	4.423849984	4.43343602898828	4.40861293925064	4.34034401237693	4.25899524856569	4.12484806798965	3.9818759371907	3.7670322906352	3.550927936905	3.3335628760001	3.1149371079205	2.86236318850526	2.6136885302438	2.36891313313613	2.12803699718224	1.89106012238214	1.65798250873582	1.42880415624329	1.20352506490454	0.982145234719571	0.764664665688391
MRT	1.080830464	1.27132293824377	1.46936220454881	1.67146075627775	1.87976392407226	2.09450194888527	2.31545244370822	2.52332972185775	2.73678330052189	2.95581317970066	3.18041935939404	3.32765432247384	3.47789876953894	3.63115270058934	3.78741611562505	3.94668901464605	4.10897139765235	4.27426326464395	4.44256461562085	4.61387545058305	4.78819576953055
MOZ	3.777704704	4.64389655714874	5.53879098098738	6.5076488894115	7.55386279439487	8.69755271222443	9.92108202468198	11.1724966151888	12.4980424913297	13.8977196531048	15.371528100514	16.2589595330525	17.1610266939362	18.0777295831652	19.0090682007395	19.9550425466592	20.915652620924	21.8908984235342	22.8807799544897	23.8852972137904	24.9044502014365
MLI	2.422469632	3.0067514870509	3.72447128534622	4.61384858784947	5.57932820562584	6.73311789745475	7.97457315387391	9.35307644831718	10.8238588421437	12.3869203353533	14.0422609279462	15.3958442481813	16.8106895259306	18.2867967611943	19.8241659539723	21.4227971042646	23.0826902120712	24.8038452773921	26.5862623002273	28.4299412805768	30.3348822184407
MDG	3.877620992	4.78171564884309	5.82368983243296	7.01283464088035	8.29862183394379	9.71671741923525	11.2351815238458	12.8244700410392	14.5113324765243	16.2957688303013	18.17777910237	19.5570119239006	20.9860650472889	22.4649384725347	23.9936321996382	25.5721462285993	27.2004805594181	28.8786351920945	30.6066101266286	32.3844053630202	34.2120209012696
MAR	33.3340672	34.381463478845	35.571922108878	36.6784955926546	37.6746889509403	38.1760051205405	38.5889073587774	38.2470066865893	37.8570694161907	37.4190955475817	36.9330850807622	35.6599082222123	34.3896550477751	33.1223255574505	31.8579197512385	30.5964376291392	29.3378791911526	28.0822444372785	26.8295333675171	25.5797459818684	24.3328822803323
LSO	0.859322752	0.914757171331947	0.956384102569451	0.997124674011654	1.03859506440649	1.07350081746316	1.10895240150121	1.13572640193077	1.16281931484384	1.19023114024041	1.21796187812048	1.25666548938887	1.29593783415489	1.33577891241852	1.37618872417977	1.41716726943864	1.45871454819514	1.50083056044924	1.54351530620097	1.58676878545032	1.63059099819729
LBR	0.560899968	0.696751768839257	0.957942044870581	1.22931493169771	1.53111307222707	1.92105541109813	2.34953376701208	2.87812300096982	3.45283478304639	4.07366911324178	4.740625991556	5.17510201475197	5.62816064375048	6.09980187855154	6.59002571915514	7.0988321655613	7.62622121777	8.17219287578124	8.73674713959503	9.31988400921137	9.92160348463026
KEN	12.705273856	14.7782186017062	17.2220009317432	19.9586569495957	22.7901695684632	25.7221572861758	28.7492162903122	31.8541970221498	35.0536178653094	38.3474788197909	41.7357798855943	42.64029784908	43.5508723507398	44.4675033905737	45.3901909685817	46.3189350847638	47.2537357391199	48.1945929316502	49.1415066623545	50.094476931233	51.0535037382855
GNQ	1.34104896	1.4446543001017	1.55769903250167	1.69080084643237	1.80515704375058	1.91687582466354	2.00820241453184	2.08303032798722	2.13702274189695	2.17017965626104	2.18250107107948	2.08170920680487	1.97368640461604	1.85843266451298	1.7359479864957	1.60623237056419	1.46928581671845	1.32510832495848	1.17369989528429	1.01506052769588	0.849190222193232
GNB	0.215455488	0.284773836686174	0.369431143857857	0.481177784237848	0.606818226257719	0.770635833782179	0.952241717648607	1.17265502230142	1.41376167091182	1.6755616634798	1.95805500000536	2.16883470216307	2.39030194404378	2.62245672564746	2.86529904697414	3.11882890802379	3.38304630879644	3.65795124929206	3.94354372951068	4.23982374945227	4.54679130911686
GMB	0.420894592	0.513920459952235	0.611676978748015	0.715684721335315	0.825943687714137	0.944876159500237	1.07023806979121	1.19612829230177	1.32804354300613	1.4659838219043	1.60994912899626	1.68380080667025	1.75908861509454	1.83581255426914	1.91397262419404	1.99356882486924	2.07460115629475	2.15706961847056	2.24097421139668	2.3263149350731	2.41309178949982
GIN	3.112362496	3.50541946600114	4.00422992570255	4.70513130129126	5.43524719124504	6.25165267836335	7.09991769714459	7.99497227261311	8.92254763406902	9.88264378151235	10.8752607149431	11.3386279955117	11.8116597407388	12.2943559506244	12.7867166251684	13.2887417643708	13.8004313682317	14.321785436751	14.8528039699287	15.3934869677649	15.9438344302595
GHA	4.977585664	5.94052128412005	6.97355828102706	8.09528482568251	9.2962108463656	10.5400516224408	11.8594482349103	13.1203684380538	14.444613441823	15.8321832462177	17.283077851238	18.1744874512583	19.0811595040449	20.0030940095978	20.9402909679172	21.892750379003	22.8604722428551	23.8434565594736	24.8417033288585	25.8552125510098	26.8839842259275
GAB	4.931781632	5.15457368238792	5.30005997303454	5.42994762406519	5.52227679407543	5.54921953847704	5.5416587979221	5.43110465590205	5.29449319451379	5.1318244137573	4.94309831363258	4.61651171282306	4.28216919525217	3.94007076091991	3.59021640982629	3.23260614197129	2.86723995735491	2.49411785597717	2.11323983783806	1.72460590293757	1.32821605127572
ETH	6.527844352	9.34310443085033	12.7630465792529	16.8761665429919	21.5541217258164	26.8857611632089	32.8022338433031	39.1743991875071	46.1076713057156	53.6020501979286	61.6575358641461	68.0781368286735	74.7647990627525	81.717522566383	88.9363073395651	96.4211533822987	104.172060694584	112.189029276421	120.472059127809	129.021150248749	137.83630263924
ERI	0.6335792	0.870527667918334	1.13173526944204	1.42784733248326	1.75674859211	2.10229908139936	2.47824153976675	2.88771786457325	3.32799246820482	3.79906535066145	4.30093651194315	4.63585344941742	4.98125043917664	5.3371274812208	5.7034845755499	6.08032172216395	6.46763892106295	6.8654361722469	7.27371347571579	7.69247083146963	8.12170823950841
EGY	102.216351744	108.438072530114	114.58142283353	119.852189299795	124.498209115954	127.515043879535	129.981338922005	130.145028185344	129.897944490219	129.24008783663	128.171458224576	122.788036483404	117.364395308847	111.900534700905	106.396454659578	100.852155184867	95.2676362767705	89.6428979352894	83.9779401604235	78.2727629521728	72.5273663105373
DZA	53.454692352	55.6405258255296	57.9120158485909	59.9362890787724	61.6549173751785	62.2575518449403	62.6197558079335	61.6322111664659	60.5013239230625	59.2270940777235	57.8095216304487	54.5522965860733	51.3316913188722	48.1477058288454	45.0003401159929	41.8895941803148	38.815468021811	35.7779616404815	32.7770750363264	29.8128082093455	26.885161159539
DJI	0.552928512	0.601777160623439	0.648560612632332	0.695497433406263	0.74109066483423	0.792466806978994	0.842320214531665	0.880750906878542	0.917914146609059	0.953809933723216	0.988438268221014	0.996922125937415	1.00481489423526	1.01211657311456	1.0188271625753	1.0249466626175	1.03047507324113	1.03541239444622	1.03975862623276	1.04351376860074	1.04667782155017
CPV	0.531386016	0.582158735444019	0.634044722311464	0.683963389446899	0.73019237372771	0.77016104416536	0.806590018856297	0.829312593501899	0.849125418254016	0.866028493112648	0.880021818077796	0.852162585449693	0.824147883426285	0.795977712007574	0.767652071193558	0.739170960984238	0.710534381379614	0.681742332379686	0.652794813984453	0.623691826193916	0.594433369008075
COM	0.203846592	0.244155503881906	0.288903862370224	0.33696816311884	0.388042446849706	0.442671651993671	0.500353839876776	0.557561381372585	0.617563907066198	0.680361416957615	0.745953911046834	0.786616547285905	0.828305218656462	0.871019925158505	0.914760666792034	0.959527443557049	1.00532025545355	1.05213910248154	1.09998398464101	1.14885490193197	1.19875185435442
COG	3.21989376	3.55196993991179	3.86089244401898	4.19693058100257	4.51383986688033	4.82105485126335	5.10869265209274	5.35599938687234	5.58476437256107	5.79498760915894	5.98666909666595	6.03969250793636	6.08083115744809	6.11008504520114	6.12745417119551	6.13293853543121	6.12653813790822	6.10825297862655	6.0780830575862	6.03602837478717	5.98208893022946
COD	4.304347648	6.43716262349197	9.26488418353314	12.9033508299693	17.1428706835328	22.5034698819149	28.5883178431968	35.744205598546	43.6907626281922	52.4279889321353	61.9558845103753	68.8341793324838	76.0267271992445	83.5335281106573	91.3545820667223	99.4898890674394	107.939449112809	116.70326220283	125.781328337504	135.17364751683	144.880219740808
CMR	8.879292416	9.97841810220999	11.0434845991062	12.0996228137702	13.1591690877728	14.1797906332191	15.2036816990063	16.113621422912	17.0264482995255	17.942162328847	18.8607635108763	19.0501662275706	19.240083554468	19.4305154915685	19.6214620388721	19.8129231963787	20.0048989640885	20.1973893420013	20.3903943301172	20.5839139284362	20.7779481369583
CIV	10.4252928	11.3336913283847	12.3914657076762	13.552469308054	14.7069327219793	15.804489562852	16.8957834282208	17.8413444577391	18.7814143865506	19.7159932146552	20.6450809420529	20.7779523733457	20.9097578330562	21.0404973211845	21.1701708377305	21.2987783826942	21.4263199560757	21.5527955578748	21.6782051880917	21.8025488467264	21.9258265337787
CAF	0.952835776	1.10297903080836	1.28467126401094	1.48559154156814	1.70047630332338	1.9191105036699	2.15068092453243	2.38022671080892	2.62134046350838	2.87402218263081	3.1382718681762	3.31191875617445	3.48923437929692	3.67021873754358	3.85487183091445	4.04319365940952	4.2351842230288	4.43084352177227	4.63017155563996	4.83316832463184	5.03983382874793
BWA	5.250845696	5.35009409722415	5.45094572915571	5.49368188624152	5.51035650915122	5.47795805619396	5.42183377259524	5.31967551718654	5.1963115323185	5.05174181799113	4.88596637420441	4.55005206708593	4.21466748897733	3.87981263987862	3.54548751978979	3.21169212871084	2.87842646664178	2.5456905335826	2.21348432953331	1.8818078544939	1.55066110846437
BFA	2.600700672	3.30000368597833	4.10181696988423	5.06447175797182	6.11584782327057	7.33837628414079	8.6592223685926	10.0832114867617	11.6060214077228	13.2276521314759	14.948103658021	16.462868865332	18.0501812584788	19.7100408374613	21.4424476022795	23.2474015529336	25.1249026894234	27.0749510117489	29.0975465199102	31.1926892139073	33.3603790937401
BEN	2.254838784	2.76193705921568	3.34296472126077	4.00267502924969	4.70235532004384	5.47986302385987	6.3000036007413	7.16541087151915	8.0736241032293	9.02464329587178	10.0184684494466	10.5257160403308	11.0450212798963	11.5763841681432	12.1198047050713	12.6752828906807	13.2428187249715	13.8224122079435	14.4140633395968	15.0177721199315	15.6335385489474
BDI	0.678535232	0.986984222998277	1.42734283512565	1.95890681819738	2.57407818958318	3.34586199242672	4.21700253772386	5.37165512936854	6.65834258631458	8.07706490856197	9.62782209611071	10.7342334870277	11.8971921030598	13.116697944207	14.3927510104693	15.7253513018468	17.1144988183393	18.560193559947	20.0624355266698	21.6212247185078	23.2365611354608
AGO	9.12918016	10.4860148398222	11.9770672631351	13.7329105561441	15.466881374362	17.4356434833357	19.3794233417684	21.4471485719201	23.4880649917966	25.5021726013979	27.4894714007241	28.5773758105376	29.6494425691781	30.7056716766458	31.7460631329405	32.7706169380623	33.7793330920112	34.7722115947871	35.7492524463902	36.7104556468203	37.6558211960775
ROW	1018.951000	1082.0836898821	1142.50837153312	1190.79349470625	1232.83829855097	1346.14364516088	1447.26328998582	1420.92996504001	1391.98823408552	1360.43809712236	1326.2795541505	1283.37090510404	1238.46584921782	1191.56438649185	1142.66651692613	1091.77224052065	1038.88155727543	983.994467190455	927.110970265729	868.231066501252	807.354755897024
YUG	8.602799104	9.86564354772853	10.3694862173586	12.4351266359726	14.2802504461425	13.622246940537	12.9642434349314	13.4886278029862	13.8865697531583	14.1580692854477	14.3031263998546	14.2286452867972	14.0403857911301	13.7383479128534	13.3225316519669	12.7929370084708	12.1495639823649	11.3924125736494	10.5214827823242	9.53677460838923	8.43828805184461
ROM	37.052637184	34.786703107229	32.6321267268277	30.4620465945453	28.3617084688747	26.2293984085311	24.1766908819512	22.0533356024412	20.0257123282615	18.0938210594122	16.2576617958933	14.9400297473588	13.6603334022667	12.4185727606172	11.2147478224101	10.0488585876454	8.92090505632325	7.83088722844354	6.7788051040063	5.76465868301151	4.7884479654592
UZB	13.760374784	14.5494434124874	15.3666561013815	16.1270585263154	16.8506204043032	17.2360670991408	17.595845348298	17.6541983465861	17.6975025339132	17.7257579102794	17.7389644756847	17.2179788141488	16.7036053774174	16.1958441654902	15.6946951783674	15.2001584160489	14.7122338785348	14.230921565825	13.7562214779195	13.2881336148184	12.8266579765216
UKR	31.261528064	29.384098196961	27.6745521558838	26.0140869665279	24.4011369132724	22.7971025774656	21.2424208293128	19.755608807797	18.3172238427825	16.9272659342691	15.5857350822569	14.8006959547671	14.0358691043158	13.2912545309031	12.566852234529	11.8626622151934	11.1786844728963	10.5149190076378	9.87136581941785	9.24802490823644	8.64489627409357
TKM	2.852720128	2.99818765235515	3.13424437108106	3.2579613800746	3.37306082415559	3.4259458352777	3.47272673792007	3.4582658814523	3.44041385360689	3.41917065438386	3.3945362837832	3.28877155059751	3.18385813244841	3.07979602933587	2.97658524125991	2.87422576822051	2.77271761021769	2.67206076725144	2.57225523932176	2.47330102642866	2.37519812857212
TJK	0.980013504	1.10828786841168	1.26869147437069	1.46412435425333	1.67292836345552	1.87527053279603	2.08901994683728	2.26443804025895	2.44678196082036	2.6360517085215	2.83224728336239	2.92581270127297	3.01794015760232	3.10862965235044	3.19788118551732	3.28569475710296	3.37207036710738	3.45700801553056	3.5405077023725	3.62256942763321	3.70319319131268
SVN	19.067131904	18.2874740263224	17.3810317509972	16.3370443543972	15.3064589708069	14.1359806895725	12.9983142332925	11.7898580374901	10.6292331639806	9.51643961276391	8.45147738384016	7.46822413780464	6.52588530734543	5.62446089246254	4.76395089315598	3.94435530942573	3.1656741412718	2.4279073886942	1.73105505169291	1.07511713026795	0.460093624419302
SVK	20.218161152	19.3027234085845	18.4217638073038	17.45988443569	16.5030822051608	15.378435092097	14.2790044464195	13.0410945210028	11.8499789125813	10.7056576211552	9.60813064672432	8.64948625243268	7.72115147376637	6.82312631072541	5.95541076330978	5.11800483151949	4.31090851535454	3.53412181481492	2.78764472990065	2.07147726061171	1.38561940694811
RUS	259.708502016	243.562226408856	227.63198697812	211.710861598479	196.34112235571	181.112245710058	166.4752501255	152.717051077594	139.519333842312	126.882098419652	114.805344809615	104.971666769087	95.4627357040584	86.2785516145306	77.4191145005033	68.8844243619765	60.6744811989501	52.7892850114242	45.2288357993988	37.9931335628738	31.0821783018493
POL	166.548471808	157.94756516112	149.216244735261	140.162232365064	131.271412407696	121.034859551487	111.140554695939	100.380127842813	90.1246456789607	80.3741082043808	71.1285154190739	63.7646882661297	56.652113685454	49.7907916770469	43.1807222409084	36.8219053770384	30.7143410854371	24.8580293661043	19.25297021904	13.8991636442444	8.79660964171727
MKD	3.586884096	3.48733657927073	3.35465931567182	3.19739841129805	3.04127168753047	2.85551315448115	2.67393691241714	2.46366826703733	2.26119711332505	2.06652345128031	1.8796472809031	1.73600808400481	1.59517030268265	1.45713393693661	1.3218989867667	1.18946545217291	1.05983333315525	0.933002629713719	0.808973341848312	0.68774546955903	0.569319012845875
MDA	1.288420224	1.21613520692191	1.17334587543169	1.16360244064525	1.15349804170699	1.13246860580159	1.11089346031233	1.07876793594744	1.04592474663503	1.0123638923751	0.978085373167639	0.96357858430937	0.948694588944542	0.933433387073154	0.917794978695208	0.901779363810703	0.885386542419638	0.868616514522015	0.851469280117832	0.833944839207091	0.81604319178979
LVA	7.725804032	7.14427935137828	6.63820061260962	6.16178267938576	5.70105975801374	5.23960279967645	4.79571273533846	4.36938956499979	3.96063328866043	3.56944390632038	3.19582141797964	2.87495140882584	2.56555740141759	2.2676393957549	1.98119739183777	1.70623138966619	1.44274138924018	1.19072739055971	0.950189393624803	0.721127398435452	0.503541404991657
LTU	11.381475328	10.634611366599	9.87765199891408	9.1885898073869	8.52084985172581	7.85293801724826	7.20879759437816	6.56658291785949	5.95094900159278	5.36189584557804	4.79942344981527	4.38978511643419	3.98486951388608	3.58467664217093	3.18920650128876	2.79845909123955	2.41243441202331	2.03113246364004	1.65455324608974	1.28269675937241	0.915563003488045
KGZ	1.369691904	1.46475350455984	1.5721666829506	1.67366792384754	1.77756049942292	1.85268419995804	1.92925540668372	1.97524725456213	2.02174504896169	2.0687487898824	2.11625847732426	2.1319037821082	2.14715622449313	2.16201580447905	2.17648252206595	2.19055637725383	2.2042373700427	2.21752550043256	2.23042076842339	2.24292317401522	2.25503271720802
KAZ	18.291990528	17.9556800007553	17.9284423555159	17.7820588387505	17.5944385215295	17.0905380482846	16.5687141109413	15.8746954683684	15.1770408008591	14.4757501084133	13.7708233910311	12.818662155038	11.8905538310086	10.9864984189428	10.1064959188406	9.25054633070213	8.41864965452727	7.61080589031605	6.82701503806846	6.06727709778452	5.33159206946422
HUN	46.680600576	43.976249358832	41.2509911127849	38.5339022059987	35.8838443642661	33.225145909932	30.6425140560663	28.0770610490611	25.5956595342861	23.1983095117412	20.8850109814265	18.7605801564307	16.7006997588486	14.70536978868	12.7745902459251	10.9083611305838	9.10668244265609	7.36955418214202	5.69697634904157	4.08894894335474	2.54547196508153
HRV	18.42722816	17.7643583477512	16.8468328006976	15.7156776709986	14.6148552519379	13.4843438653052	12.3912366187848	11.2839766912387	10.2210062430295	9.2023252741573	8.22793378462205	7.46920073895486	6.72353055436157	5.99092323084219	5.27137876839672	4.56489716702516	3.87147842672751	3.19112254750376	2.52382952935392	1.86959937227799	1.22843207627597
GEO	3.057455616	2.83481660788765	2.66557749721499	2.53326076321953	2.40427702959498	2.27342659130406	2.14616122904235	2.00035404475384	1.85925927485529	1.72287691934672	1.59120697822811	1.51220010854402	1.43518544325427	1.36016298235886	1.28713272585778	1.21609467375105	1.14704882603866	1.0799951827206	1.01493374379689	0.951864509267509	0.890787479132471
EST	5.473040384	5.12542206850186	4.79813116044404	4.48435915128669	4.17838570389978	3.86322621064261	3.5578602600739	3.27046401222421	2.99177313565316	2.72178763036074	2.46050749634696	2.20957651914905	1.9670527840764	1.732936291129	1.50722704030686	1.28992503160998	1.08103026503836	0.880542740591989	0.688462458270879	0.504789418075027	0.329523620004433
CZE	55.707480064	52.9644847139521	50.2900898424284	47.3946068006201	44.5326725342674	41.3218131269156	38.1910132973556	34.8896776080072	31.7030939801602	28.6312624138149	25.674182908971	22.909910409126	20.2454464641886	17.6807910741587	15.2159442390363	12.8509059588214	10.5856762335141	8.42025506311431	6.35464244762206	4.38883838703733	2.52284288136014
BLR	12.736856064	11.9707238383641	11.2171121746927	10.4744048216673	9.75665622789841	9.02582452328225	8.32323444175282	7.61793618320335	6.94380264567157	6.30083382915748	5.68902973366107	5.24810391572696	4.82207438165394	4.41094113144202	4.0147041650912	3.63336348260148	3.26691908397285	2.91537096920533	2.5787191382989	2.25696359125357	1.95010432806934
BIH	4.527084032	4.518067560074	4.38607799522721	4.16454536374023	3.94752394559927	3.69992230563202	3.45977037577747	3.19695307992329	2.94433774819566	2.70192438059458	2.46971297712006	2.28465604521798	2.10566859717664	1.93275063299604	1.76590215267618	1.60512315621706	1.45041364361867	1.30177361488102	1.15920307000411	1.02270200898794	0.892270431832513
BGR	12.60700672	11.7329388412977	10.8667547272454	9.99880532369214	9.1669632543995	8.33875721920867	7.54973790631737	6.80653290375263	6.10182025167472	5.43559995008364	4.80787199897939	4.39870542152824	4.004164317741	3.6242486876177	3.25895853115832	2.90829384836287	2.57225463923135	2.25084090376376	1.94405264196009	1.65188985382034	1.37435253934453
AZE	5.27261696	5.29109181804623	5.37186571507204	5.44310779081208	5.50545155721776	5.45955880270905	5.40958066089588	5.24848922398823	5.0887619146908	4.93039873300359	4.7733996789266	4.61561095497632	4.45930845671708	4.30449218414887	4.15116213727169	3.99931831608554	3.84896072059043	3.70008935078636	3.55270420667331	3.4068052882513	3.26239259552032
ARM	1.911584896	1.83377816339509	1.77722234182386	1.73018482141507	1.68355139658524	1.6136452426111	1.54521656309753	1.45885298690995	1.37488872822245	1.29332378703503	1.2141581633477	1.14707755607299	1.08188804988393	1.01858964478052	0.957182340762765	0.897666137830659	0.840041035984205	0.784307035223402	0.73046413554825	0.678512336958749	0.6284516394549
ALB	3.694329856	3.6519186870967	3.62232914017806	3.5867824706368	3.54354187503898	3.44501469108156	3.3427861048591	3.18099343890369	3.02061479179111	2.86165016352136	2.70409955409443	2.53141258061653	2.3619949574081	2.19584668446912	2.03296776179961	1.87335818939955	1.71701796726896	1.56394709540783	1.41414557381616	1.26761340249395	1.12435058144121
o_ME	2.20644812605863	2.73880420050202	2.9252140614804	3.05107153474476	3.15594477143299	3.1905477096961	3.20876940521269	3.16461258208042	3.1088128922027	3.04137033557952	2.96228491221088	2.77354503916437	2.58587886755914	2.39928639739521	2.21376762867256	2.02932256139119	1.84595119555111	1.66365353115232	1.48242956819481	1.30227930667859	1.12320274660366
ISR	115.48721152	124.67554954622	132.510751773032	132.202191073497	131.191759825349	129.393074402031	126.902994109931	121.241859355959	115.231535274318	108.87202186501	102.163319128034	94.0093484657733	85.7151200902325	77.2806340014117	68.705890199311	59.9908886839302	51.1356294552695	42.1401125133287	33.004337858108	23.7283054896073	14.3120154078266
IRQ	25.85710592	28.6665853413517	31.1719008314292	35.189364366253	39.1374806943687	42.88838309013	46.5720498783017	49.7342028498761	52.8367481610641	55.8796858118655	58.8630158022804	59.3744522955226	59.8681942348192	60.3442416201702	60.8025944515755	61.2432527290352	61.6662164525492	62.0714856221177	62.4590602377405	62.8289402994176	63.1811258071491
YEM	9.438454784	11.3196222270067	13.5602169511051	16.2494717013016	19.0769768521544	22.1831242477089	25.4356092120187	28.9121988302783	32.5393617370857	36.3170979324411	40.2454074163445	44.18349241496	48.2652352322806	52.4906358683064	56.8596943230372	61.3724105964733	66.0287846886144	70.8288165994607	75.7725063290121	80.8598538772686	86.0908592442303
SYR	18.042793984	20.4349534314588	22.9352774118449	24.8899707682951	26.7981724342603	28.4401036004996	30.0402988004434	31.1299164252949	32.1881675815236	33.2150522691294	34.2105704881125	33.9021964987866	33.591903431458	33.2796912861266	32.9655600627925	32.6495097614556	32.3315403821159	32.0116519247735	31.6898443894282	31.3661177760803	31.0404720847295
SAU	188.441870336	204.178793764098	217.610686491691	229.001029018341	238.06878581985	243.243805392453	246.27965514065	242.944934240012	238.030707658502	231.536975396118	223.463737452862	207.497473067543	191.087104296492	174.232631139711	156.934053597198	139.191371668953	121.004585354977	102.373694655269	83.2986995698305	63.7796000986601	43.8163962417583
OMN	19.867881472	19.8084185614413	20.8385447414161	21.8623790773729	22.6744892268315	23.1272001196223	23.3852135961579	23.0537445762244	22.5790285979434	21.9610656613149	21.1998557663389	19.8791476086542	18.4885651617362	17.028108425585	15.4977774002006	13.897572085583	12.2274924817321	10.487538588648	8.67771040633064	6.79800793478007	4.84843117399627
LBN	16.592371712	16.9356737256296	17.1015465659828	17.1079739426535	17.0457354580102	16.7741818563661	16.448083907303	15.8128045304644	15.1514003529202	14.4638713746704	13.7502175957152	12.7144879641783	11.6951556772531	10.6922207349398	9.70568313723814	8.73554288414827	7.78179997567014	6.84445441180377	5.92350619254915	5.01895531790628	4.13080178787517
KWT	36.876283904	42.571310531375	45.7131626127998	47.8572824476907	49.5003353255803	50.2886649314914	50.6198395515938	49.9435098607703	48.8880473472392	47.4534520110006	45.6397238520545	41.2214024220291	36.8643058582825	32.5684341608147	28.3337873296258	24.1603653647157	20.0481682660844	15.997196033732	12.0074486676584	8.07892616786357	4.2116285343476
JOR	8.460424192	9.52586850498916	10.7991267575171	11.3379336674292	11.8312995649022	12.3323312875345	12.7848359447177	12.9702444559681	13.1206106116613	13.2359344117974	13.3162158563765	12.9281591474154	12.5355552732954	12.1384042340166	11.7367060295789	11.3304606599824	10.919668125227	10.5043284253128	10.0844415602397	9.66000753000778	9.23102633461699
IRN	101.065834496	103.812711881036	108.621964187292	113.295200907095	117.639514421241	119.570922998891	121.274282993646	121.19171683925	120.960346592166	120.580172252394	120.051193819936	115.941938000447	111.87819534555	107.859965855246	103.887249529533	99.9600463684125	96.0783563718842	92.2421795399479	88.4515158726038	84.7063653698518	81.0067280316918
BHR	7.970691072	8.47734810911969	8.8095635004928	9.01794740591748	9.15511784813998	9.14105529063058	9.0654643009145	8.78767586792329	8.4677290647164	8.10562389129381	7.70136034765554	6.98491375155057	6.27762294144024	5.57948791732455	4.8905086792035	4.21068522707708	3.54001756094531	2.87850568080818	2.22614958666569	1.58294927851784	0.948904756364631
ARE	70.591422464	84.9400896053855	92.9994156478385	97.7567388396689	101.426627793882	103.488624035645	104.528933023448	103.861878699164	102.272279397862	99.7601351195419	96.3254458642031	86.4548135831283	76.7831389189071	67.3104218715397	58.0366624410259	48.9618606273658	40.0860164305593	31.4091298506066	22.9312008875075	14.6522295412621	6.57221581187033
CHN	1370.036907008	1383.06668703687	1389.25567660536	1389.7677278108	1388.4896452684	1369.94609958113	1350.44463070016	1302.13606585848	1254.45232639939	1207.39341232291	1160.95932362903	1107.78106136512	1055.70013403966	1004.71654165264	954.830284204068	906.041361693936	858.349774122246	811.755521488999	766.258603794194	721.859021037832	678.556773219913
PRK	15.610058214303	15.9288355777528	16.0586228745815	16.1920662744399	16.3207346101225	16.370707001431	16.4172213875771	16.1468339590395	15.8786745069826	15.6127430314061	15.3490395323103	15.0566449252494	14.76706029312	14.4802856359221	14.1963209536557	13.9151662463208	13.6368215139174	13.3612867564455	13.0885619739051	12.8186471662962	12.5515423336187
VNM	31.172517888	34.2349401502512	37.3494127065804	40.3905735443239	43.5237008971628	46.3038446955985	49.1586182449299	51.1802335625948	53.2424346025352	55.3452213647511	57.4885938492425	58.134269076845	58.766866090288	59.3863848895713	59.992825474695	60.586187845659	61.1664720024635	61.7336779451083	62.2878056735936	62.8288551879192	63.3568264880852
MNG	0.946532672	1.01243280465121	1.08636225761777	1.1703698508759	1.25700257269049	1.32847881658252	1.40182885913381	1.45137453548577	1.50175301124184	1.55296428640203	1.60500836096634	1.62067725589438	1.63578366022224	1.65032757394991	1.66430899707739	1.67772792960468	1.69058437153178	1.7028783228587	1.71460978358542	1.72577875371195	1.7363852332383
LAO	1.735146624	1.94702459841466	2.19363504789063	2.45793112709425	2.73441276653846	2.99752346934827	3.27129943869247	3.48443156960525	3.70422514011622	3.93068015022539	4.16379659993275	4.32138554138435	4.4814871104038	4.64410130699111	4.80922813114628	4.97686758286931	5.14701966216019	5.31968436901893	5.49486170344553	5.67255166543998	5.8527542550023
KHM	3.655794176	4.18632320779119	4.7784450234023	5.46189384379728	6.18537551101309	6.90995120627162	7.67151346848518	8.37756088169175	9.11388330918099	9.88048075095289	10.6773532070075	11.2072648547492	11.7486181639782	12.3014131346943	12.8656497668977	13.4413280605882	14.0284480157659	14.6270096324309	15.237012910583	15.8584578502223	16.4913444513488
USA	9764.800036864	9808.87326226439	9801.52843544659	9720.4985025835	9595.83038806763	9371.78796764974	9110.71066608765	8748.18377780821	8357.27914684492	7937.99677319778	7490.33665686678	6907.67536725327	6316.23390186179	5716.01226069234	5107.01044374492	4489.22845101952	3862.66628251615	3227.32393823481	2583.2014181755	1930.29872233822	1268.61585072297
o_W-OECD	10.2163913946753	10.1992944768579	9.93112189643889	9.61390212081331	9.28548039850381	8.88296845724669	8.47565568169645	7.97175043705967	7.47344616576486	6.98074286781202	6.49364054320113	5.9862426369587	5.48824030186578	4.99963353792238	4.52042234512851	4.05060672348416	3.59018667298933	3.13916219364402	2.69753328544824	2.26529994840197	1.84246218250523
TUR	199.267319808	216.241294039345	233.361226839892	249.185919230777	265.343774543157	278.76049257273	292.431970536775	301.300113269525	310.297228716834	319.423316878704	328.678377755134	330.088229291024	331.438143446066	332.728120220258	333.958159613601	335.128261626095	336.23842625774	337.288653508536	338.278943378482	339.20929586758	340.079710975828
SWE	239.567683584	233.633257582944	228.14212117195	222.199290094107	215.778914243462	208.351215306077	200.504208763305	191.05432633737	181.33131159626	171.335164539974	161.065885168514	147.852133956184	134.803396833962	121.919673801849	109.200964859843	96.6472700079443	84.2585892461539	72.0349225744712	59.9762699928964	48.0826315014294	36.3540071000702
PRT	106.456604672	106.068531866048	104.466103913004	101.184614646729	97.8813848776281	93.4730239463257	89.1258708922074	84.3175173476194	79.6136854512281	75.0143752030336	70.519586603036	65.9216907892451	61.4489535779525	57.1013749691578	52.8789549628613	48.781693559063	44.8095907577627	40.9626465589605	37.2408609626565	33.6442339688505	30.1727655775427
NOR	166.906200064	164.72205440029	161.900651015247	158.622876502858	154.85322276776	150.490834296301	145.648278012196	139.001127233604	132.047806734754	124.788316515646	117.222656576279	106.759749636493	96.4523981123706	86.3006020039114	76.3043613111153	66.4636760339824	56.7785461725126	47.248971726706	37.8749526965625	28.6564890820822	19.5935808832651
NLD	370.638487552	364.07667980584	351.821249977071	338.310158392689	324.546801095763	311.661953588236	298.404574156372	282.030678223669	265.610826909224	249.145020213037	232.633258135108	214.49712136687	196.561569754804	178.826603298911	161.292221999189	143.95842585564	126.825214868262	109.892589037057	93.1605483620233	76.6290928431619	60.2982224804725
MLT	3.806709248	3.82148369953157	3.77269011922682	3.71460581704213	3.65197208789008	3.55584599921887	3.45729354949841	3.31416923401861	3.17195480393229	3.03065025923945	2.89025559994008	2.74259165759086	2.59660685365932	2.45230118814545	2.30967466104926	2.16872727237073	2.02945902210989	1.89186991026671	1.75595993684122	1.62172910183339	1.48917740524324
LUX	19.603832832	19.5609833446253	19.6803299111539	19.7507458888665	19.7080267372446	19.690472526713	19.5433271680347	19.2285143950808	18.7892529798591	18.2255429223694	17.5373842226119	16.0410188680124	14.5467277532144	13.0545108782178	11.5643682430226	10.0762998476288	8.59030569203635	7.10638577624536	5.62454010025578	4.1447686640676	2.66707146768084
ITA	1074.76320256	1048.81690677585	1011.71365182315	964.174550938102	916.956746456499	865.209640068966	814.269129292873	761.637404734569	710.089962354491	659.626802152637	610.247924129008	555.489563869097	502.739531834974	451.99782802664	403.264452444094	356.539405087337	311.822685956368	269.114295051188	228.414232371796	189.722497918193	153.039091690378
ISL	8.407626752	8.46866656651056	8.4085047642394	8.27791700448967	8.11981882729437	7.86409939112784	7.58872965678589	7.19514598069733	6.7943571952778	6.38636330052728	5.97116429644577	5.45605171926746	4.94939472494039	4.45119331346456	3.96144748483996	3.4801572390666	3.00732257614448	2.5429434960736	2.08701999885395	1.63955208448554	1.20053975296837
IRL	94.955773952	99.0176192900945	103.364223839962	104.316827064632	104.707576655601	103.465462601139	101.777264376254	99.0470520975062	95.9429787997365	92.4650444829451	88.6132491471321	81.2703974704879	74.0523378362678	66.9590702444719	59.9905946951002	53.1469111881527	46.4280197236294	39.8339203015302	33.3646129218552	27.0200975846044	20.8003742897778
GRC	112.125485056	109.797003854622	107.291648880261	103.921395662377	100.531977879307	96.4617861661756	92.4224526512228	88.0545709225201	83.7469438860505	79.4995715418141	75.3124538898109	70.1226839757993	65.0971086831291	60.2357280118004	55.538541961813	51.0055505331671	46.6367537258626	42.4321515398996	38.3917439752779	34.5155310319977	30.8035127100589
GBR	1438.282678272	1409.53521976038	1375.58775488753	1338.70712204979	1299.22087528612	1253.40331787989	1205.38093056574	1147.83804625619	1088.97216044014	1028.78327311757	967.271384288485	893.68124109863	820.476358265067	747.656735787795	675.222373666814	603.173271902125	531.509430493728	460.230849441621	389.337528745806	318.829468406283	248.706668423051
FRA	1327.96383232	1311.36201237405	1285.46094711774	1249.7147837331	1211.79934715198	1166.93785455651	1120.41056977392	1064.69155699835	1008.1934588319	950.916275274557	892.86000632633	823.732956906461	755.413207273263	687.900757426735	621.195607366878	555.297757093692	490.207206607176	425.923955907331	362.448004994156	299.779353867653	237.918002527819
FIN	119.905107968	116.426115852096	112.959551685247	108.907908168189	104.748341513431	99.7852924960173	94.7882136604099	89.0250116047959	83.3147988375121	77.6575753585585	72.0533411679349	66.3765538972667	60.7723320875847	55.2406757388888	49.7815848511791	44.3950594244555	39.0810994587181	33.8397049539668	28.6708759102017	23.5746123274228	18.55091420563
ESP	580.673470464	603.152771818887	602.768239566211	587.178285942293	570.872086803097	547.384036681363	523.769023068887	498.010398602372	472.327041521718	446.718951826926	421.186129517995	387.609292323728	355.126196790746	323.736842919051	293.441230708642	264.239360159519	236.131231271681	209.11684404513	183.196198479864	158.369294575885	134.636132333192
DNK	158.225924096	153.632550520766	148.122813119994	141.939591092175	135.664288772858	129.146277989259	122.553046685845	114.907056546869	107.309051911913	99.7590327809763	92.2569991540595	84.4890417377229	76.8219683705383	69.2557790525056	61.7904737836248	54.426052563896	47.162515393319	39.999862271894	32.9380931996209	25.9772081764998	19.1172072025305
DEU	1900.221169664	1828.10602418907	1742.0022433807	1650.09711823364	1559.35785338445	1464.2289011641	1370.85551764809	1272.57581338239	1176.84279730887	1083.65646942754	993.016829738386	914.203073286432	836.490836296484	759.88011876854	684.370920702601	609.963242098668	536.657082956741	464.452443276818	393.349323058901	323.347722302989	254.447641009082
CYP	9.147165696	9.39808940371768	9.56604153781971	9.70279754507881	9.8027365586267	9.80790933571177	9.78101569891935	9.64447426482747	9.48279434578225	9.29597594178369	9.08401905283177	8.51427316954984	7.95555294534944	7.40785838023056	6.87118947419322	6.3455462272374	5.83092863936311	5.32733671057035	4.83477044085912	4.35322983022941	3.88271487868124
CHE	246.04925952	240.309153950758	233.52801432267	226.095476754597	218.25431046187	209.938670923438	201.221941935715	190.926357535769	180.381977048856	169.588800474977	158.546827814132	143.362272189216	128.608045529431	114.284147834777	100.390579105253	86.9273393408612	73.8944285415998	61.2918467074694	49.11959383847	37.3776699346014	26.0660749958638
CAN	714.458267648	719.726142279237	719.745749367716	715.586599448725	708.653754248384	696.013937952458	680.912418192796	657.6587900551	632.620744766198	605.798282326089	577.191402734772	531.471445555961	486.361511603328	441.861600876874	397.971713376598	354.691849102501	312.022008054582	269.962190232842	228.512395637281	187.672624267898	147.442876124694
BEL	228.417175552	223.294531109733	216.124993336207	207.88065815733	199.484940156457	190.352521293829	181.13039409224	170.513416656523	159.960449858502	149.471493698176	139.046548175547	128.244691278798	117.574779080741	107.036811581375	96.6307887807006	86.3567106787176	76.214577275426	66.2043885708259	56.3261445649172	46.5798452576999	36.9654906491741
AUT	193.838219264	189.797906750309	184.714077230629	177.584807780128	170.321353248501	162.310970397516	154.231981640391	144.910088718321	135.660332888736	126.482714151637	117.377232507024	107.065331567042	97.0271194540906	87.2625961681698	77.7717617092796	68.55461607742	59.6111592725908	50.9413912947922	42.545312144024	34.4229218202864	26.5742203235793
o_SEA3	19.1742923879137	23.0308046078917	27.7420629377602	32.3726824030932	36.9410384015113	42.1879776950205	47.3629358643398	52.8310356919829	58.2223014384949	63.5367331038757	68.7743306881253	70.3457161030035	71.8892777647498	73.4050156733645	74.8929298288474	76.3530202311986	77.7852868804181	79.1897297765058	80.5663489194618	81.9151443092861	83.2361159459787
o_SEA2	43.0503597768341	44.9544235792146	46.7930602345217	48.4393170213372	50.0624281281678	51.3168643247101	52.552358235065	52.9603449277666	53.3593467311558	53.7493636452324	54.1303956699964	53.4487979869696	52.7715186008228	52.0985575115561	51.4299147191693	50.7655902236625	50.1055840250358	49.449896123289	48.7985265184222	48.1514752104355	47.5087421993287
o_SEA1	0.57358756996379	0.614181719764981	0.650959383921506	0.683471834214905	0.71459445322835	0.742710309953234	0.76949048466881	0.783474577963381	0.79652008390006	0.808627002478848	0.819795333699745	0.803830117599716	0.787901531992298	0.77200957687749	0.756154252255291	0.740335558125703	0.724553494488725	0.708808061344357	0.693099258692598	0.67742708653345	0.661791544866912
WSM	0.230901296	0.235457646791698	0.240920669124604	0.243525977543648	0.245832894296564	0.248431518000932	0.250706884066996	0.244745735459125	0.238809452823432	0.232898036159916	0.227011485468577	0.225243363403009	0.223302647995125	0.221189339244924	0.218903437152405	0.21644494171757	0.213813852940417	0.211010170820948	0.208033895359161	0.204885026555057	0.201563564408636
VUT	0.24455968	0.271579138264372	0.301116209197848	0.32930942416885	0.356158783177377	0.382247870758939	0.406969104950126	0.425845788890069	0.443546598862846	0.460071534868459	0.475420596906906	0.469437991116352	0.463224965884744	0.456781521212082	0.450107657098367	0.443203373543599	0.436068670547777	0.428703548110901	0.421108006232972	0.41328204491399	0.405225664153954
TON	0.153462048	0.151272265781914	0.151986742610599	0.152473599955442	0.152732837816443	0.153452584374654	0.153906774868383	0.152144834496393	0.150231147801843	0.148165714784731	0.145948535445058	0.141398141219763	0.136840097487224	0.132274404247441	0.127701061500414	0.123120069246143	0.118531427484628	0.11393513621587	0.109331195439867	0.104719605156621	0.100100365366131
THA	122.725244928	123.623095451396	123.828024436885	122.505874388341	121.009566981141	117.932079201663	114.779943870203	109.83670046035	104.949442714484	100.118170632605	95.3428842147123	90.4507676751397	85.630150525137	80.8810327647043	76.2034143938415	71.5972954125486	67.0626758208257	62.5995556186727	58.2079348060896	53.8878133830764	49.6391913496332
SLB	0.299277024	0.342413516410077	0.387500051093758	0.432360270955216	0.477719628359727	0.523206791304944	0.569188788883359	0.608716375219283	0.648659192356109	0.689017240293835	0.729790519032463	0.741917190693576	0.754133644919119	0.766439881709092	0.778835901063497	0.791321702982332	0.803897287465597	0.816562654513293	0.82931780412542	0.842162736301976	0.855097451042964
SGP	91.476107264	93.7833673628629	94.4838029630543	93.0731821767138	91.2529134480256	87.8478897633362	84.1825803887369	77.805757034558	71.5255798437213	65.3420488162266	59.255163952074	52.6080682076955	46.1925662387804	40.0086580453288	34.0563436273406	28.335622984816	22.8464961177547	17.588963026157	12.5630237100227	7.76867816935192	3.20592640414459
PYF	3.447543296	3.56305484094861	3.61127993767256	3.62977424893353	3.62549686621773	3.54823689013644	3.45441568207205	3.29269939839698	3.12166742173142	2.94131975207537	2.75165638942882	2.49401653437909	2.23859728395582	1.98539863815901	1.73442059698868	1.48566316044481	1.2391263285274	0.994810101236466	0.752714478571996	0.512839460533992	0.275185047122455
PNG	3.419955456	3.9099518668979	4.37848568663692	4.8424297981551	5.3169215768844	5.8077280424932	6.30922807469685	6.73098879387528	7.16121167730935	7.59989672499905	8.04704393694439	8.23945228445054	8.43413381727767	8.63108853542578	8.83031643889486	9.03181752768493	9.23559180179598	9.441639261228	9.64995990598101	9.86055373605499	10.0734207514499
PHL	75.912536064	83.4340908661074	90.8780274787315	97.6192887363446	104.211859006438	109.656129981047	114.971605307611	118.018911769219	120.980867507758	123.857472523226	126.648726815624	125.503305682905	124.354054834997	123.200974271899	122.044063993612	120.883324000136	119.71875429147	118.550354867615	117.378125728571	116.202066874338	115.022178304915
PAK	73.320964096	82.6556236038782	93.2340630763843	105.492331685856	118.273843635063	130.703630406779	143.611720015164	155.161204554725	167.099253094246	179.425865633727	192.141042173166	199.885963973397	207.780956617903	215.826020106683	224.021154439737	232.366359617066	240.861635638669	249.506982504546	258.302400214698	267.247888769124	276.343448167824
NPL	5.494252032	6.88484249699482	8.46770913015422	10.2703588458702	12.2467978266202	14.379239614435	16.6826760660371	18.9857055476437	21.4364559045293	24.0349271366937	26.7811192441371	28.7081292866847	30.6796091101155	32.6955587144295	34.7559780996268	36.8608672657073	39.0102262126711	41.2040549405181	43.4423534492483	45.7251217388617	48.0523598093584
NCL	2.682347008	2.78286637548029	2.86121497556917	2.8959413905588	2.91083080314558	2.88676556061024	2.84519708066063	2.750459601869	2.64317813626381	2.52335268384505	2.39098324461274	2.171238622153	1.95336345541708	1.737357744405	1.52322148911674	1.31095468955231	1.10055734571171	0.892029457594941	0.685371025201997	0.480582048532881	0.277662527587594
MYS	90.319740928	95.6097267724524	99.7683087120189	102.488054398063	104.577731253873	104.714595833786	104.352015609245	101.990023851349	99.2929430484964	96.2607732006863	92.893514307919	86.8187900074526	80.7418791034536	74.6627815959219	68.5814974848575	62.4980267702605	56.4123694521308	50.3245255304683	44.2344950052733	38.1422778765455	32.047874144285
MDV	0.624333056	0.652819642339572	0.690884599773543	0.728936273232094	0.762548766834957	0.783095568808235	0.799869067904179	0.801370569418113	0.800060590356779	0.795939130720175	0.789006190508303	0.768885426332407	0.746995494507065	0.723336395032277	0.697908127908042	0.670710693134361	0.641744090711234	0.611008320638661	0.578503382916641	0.544229277545175	0.508186004524263
LKA	16.331874304	16.6244443601119	16.9559241366558	17.1735430497523	17.3890233472062	17.3313354490178	17.2735820495846	16.8813733567602	16.4916766366737	16.1044918893252	15.7198191147146	15.4752567791137	15.2321292019974	14.9904363833655	14.7501783232181	14.5113550215553	14.2739664783769	14.0380126936831	13.8034936674737	13.5704093997489	13.3387598905086
KOR	511.658524672	499.333481555724	483.055895604024	460.982722605838	438.631978265008	410.296692445302	382.371685434977	346.607564152478	312.384267731878	279.701796173178	248.560149476377	222.634948776744	197.556643395169	173.32523333165	149.940718586187	127.403099158781	105.712375049432	84.8685462581395	64.8716127849035	45.7215746297241	27.4184317926013
IND	457.370894336	516.903539555376	578.566053853636	640.313300155215	705.002730438423	764.036194481375	825.41114229247	874.878790851183	925.757453978386	978.04713167408	1031.74782393826	1057.36010372612	1082.6795630156	1107.7062018067	1132.44002009941	1156.88101789375	1181.0291951897	1204.88455198728	1228.44708828647	1251.71680408728	1274.69369938971
IDN	165.020483584	176.535166218762	187.437973393572	196.49506980229	205.582985458336	212.944010363217	220.329667968115	224.114105160918	227.91045803137	231.71872657947	235.538910805218	234.264086975053	232.983391981743	231.696825825289	230.40438850569	229.106080022946	227.801900377058	226.491849568026	225.175927595849	223.854134460527	222.526470162061
FSM	0.2157	0.21509992246258	0.21413724086577	0.213729248119956	0.212898217304853	0.213357866221436	0.213273609048935	0.207468683998517	0.201512673923354	0.195405578823444	0.189147398698788	0.18288265141162	0.176453890811512	0.169861116898465	0.163104329672478	0.156183529133552	0.149098715281686	0.141849888116881	0.134437047639137	0.126860193848453	0.11911932674483
FJI	1.652776448	1.65445823970227	1.65288064316537	1.63118866642851	1.60736555122759	1.57791646596577	1.54658696441213	1.48580211645774	1.42526799067559	1.36498458706568	1.30495190562801	1.23760992734409	1.17120977435115	1.10575144664919	1.04123494423822	0.977660267118239	0.915027415289242	0.85333638875123	0.792587187504204	0.732779811548165	0.673914260883111
BTN	0.487539264	0.553499162318162	0.592116708115058	0.631291382464145	0.670154269882977	0.698006315867151	0.725627769434158	0.740701912994072	0.755639649771999	0.77044097976794	0.785105902981893	0.79876658368844	0.812297597003259	0.825698942926348	0.838970621457709	0.852112632597341	0.865124976345244	0.878007652701418	0.890760661665864	0.903384003238581	0.915877677419569
BGD	45.52443904	53.7296182363943	62.41690362107	71.742490802064	81.7097098161927	91.8504475537272	102.582438389718	112.292074356096	122.436178837767	133.01475183473	144.027793346987	150.450176980827	156.898212351825	163.371899459981	169.871238305293	176.396228887763	182.946871207391	189.523165264176	196.125111058118	202.752708589218	209.405957857475
JPN	4746.06731264	4574.74905250697	4366.4379283791	4109.8371801622	3858.43936208369	3568.6109824959	3288.70939252974	2997.31987380901	2718.45701818225	2452.12082564946	2198.31129621063	1998.36272895385	1804.3133726151	1616.1632271944	1433.91229269175	1257.56056910713	1087.10805644056	922.55475469204	763.90066386156	611.145783949123	464.290114954731
NZL	52.125302784	53.7738290116658	54.5281501298817	54.8548158146081	55.0491424321524	54.8114563697269	54.4622216675922	53.3471354678932	52.1692781698633	50.9286497735023	49.6252502788103	47.2612732695905	44.9219445392341	42.6072640877411	40.3172319151117	38.0518480213457	35.8111124064431	33.595025070404	31.4035860132284	29.2367952349162	27.0946527354675
AUS	387.538255872	396.301279480467	401.106179479474	403.929566166823	405.23974238385	403.487541305299	400.359761253483	392.142630134962	382.912030719925	372.667963008375	361.41042700031	339.469765529727	317.686877331987	296.061762407091	274.594420755038	253.284852375829	232.133057269464	211.139035435942	190.302786875265	169.624311587431	149.10360957244
