CC	2000	2005	2010	2015	2020	2025	2030	2035	2040	2045	2050	2055	2060	2065	2070	2075	2080	2085	2090	2095	2100
o_LA	53.2016429152568	54.1704144559881	54.540884323643	54.8273398991186	55.1142966878812	55.0722951490895	55.0300653792475	53.8066246890356	52.5803467736098	51.3512316329703	50.1192792671169	49.3363260212878	48.5515293436306	47.7648892341453	46.9764056928319	46.1860787196905	45.3939083147209	44.5998944779233	43.8040372092975	43.0063365088437	42.2067923765618
VEN	117.147615232	127.380929670707	137.429959686999	146.689302423238	155.797626014418	163.283243160358	170.639820148941	174.940587368181	179.15668710335	183.288119354446	187.334884121471	185.444803815211	183.561555159447	181.685138154181	179.815552799412	177.952799095141	176.096877041367	174.24778663809	172.405527885311	170.570100783029	168.741505331244
VCT	0.335185184	0.351113050071238	0.36740693044801	0.379458023228751	0.391692123162258	0.397720151509425	0.403687177472337	0.396327024498734	0.388417850066831	0.379959654176628	0.370952436828125	0.373030100145735	0.374957385492853	0.376734292869482	0.37836082227562	0.379836973711267	0.381162747176424	0.382338142671091	0.383363160195267	0.384237799748953	0.384962061332148
URY	20.670509056	20.367752502682	20.3040112164452	20.3039899865539	20.291141336675	20.1913685016649	20.0815245517885	19.7709109496781	19.4575940483142	19.1415738476968	18.8228503478257	18.3466424803724	17.8742122157873	17.4055595540705	16.9406844952219	16.4795870392416	16.0222671861295	15.5687249358857	15.1189602885101	14.6729732440028	14.2307638023637
TTO	8.154315776	8.155603745508	8.15797987436272	8.14626042407737	8.12968512699202	7.99941835917237	7.86839623740604	7.61396841082189	7.36358712323774	7.11725237465359	6.87496416506942	6.63825691261134	6.40553102148439	6.17678649168859	5.95202332322394	5.73124151609043	5.51444107028806	5.30162198581684	5.09278426267677	4.88792790086784	4.68705290039006
SUR	0.89159776	0.970977494675094	1.04690639636304	1.11256877601916	1.17977962528221	1.23061120546691	1.28154601695874	1.2931462137524	1.30190754960005	1.30783002450167	1.31091363845728	1.34573950090731	1.37997134477699	1.4136091700663	1.44665297677525	1.47910276490383	1.51095853445206	1.54222028541992	1.57288801780741	1.60296173161455	1.63244142684132
SLV	13.134147584	14.8002487797547	16.5627702374942	18.4038713340564	20.3379794265304	22.2643213697554	24.2760109092288	25.9428384028248	27.6646245758231	29.4413694282237	31.2730729600267	32.242779643634	33.2106914504899	34.1768083805943	35.1411304339471	36.1036576105485	37.0643899103984	38.0233273334968	38.9804698798437	39.9358175494391	40.889370342283
PRY	7.721718784	9.30990790218366	11.0477698342005	12.8979131235183	14.8910869578223	16.8975214111897	19.0305905502392	20.9842968977685	23.0303132661765	25.1686396554633	27.3992760656287	29.0577548813906	30.7476660387004	32.4690095375581	34.2217853779638	36.0059935599175	37.8216340834191	39.6687069484687	41.5472121550663	43.4571497032118	45.3985195929052
PRI	61.04489984	60.512904852119	59.7884666203552	58.7796217129415	57.6550151649356	55.9931582345603	54.2539300035852	51.78016936741	49.294891629237	46.7980967890664	44.2897848468981	40.950401627314	37.7022147995892	34.5452243637235	31.4794303197171	28.5048326675698	25.6214314072818	22.829226538853	20.1282180622833	17.5184059775729	14.9997902847216
PER	53.08567552	59.2014601397296	65.666504938021	72.944260869273	80.5940922948418	87.8139861263539	95.3424801484349	101.396417810436	107.628178168226	114.037761221805	120.625166971173	124.210577477666	127.770433031953	131.304733634036	134.813479283913	138.296669981585	141.754305727052	145.186386520314	148.592912361371	151.973883250223	155.329299186869
PAN	11.62050048	12.7588818072475	13.8822880722336	14.9390501492357	16.0002261671308	16.9523360140224	17.9083740978863	18.5514354747396	19.197074490821	19.8452911461305	20.496085440668	20.5382847094955	20.5804789124003	20.6226680493824	20.6648521204417	20.7070311255784	20.7492050647923	20.7913739380834	20.8335377454518	20.8756964868976	20.9178501624205
NIC	3.936327936	5.12193364632394	6.44153547669428	7.96444694067847	9.63160125817063	11.3201884712819	13.1274755325925	14.7334854626567	16.4031024843719	18.1363265977383	19.9331578027557	21.5289708193483	23.1544992322803	24.8097430415518	26.4947022471628	28.2093768491132	29.9537668474032	31.7278722420325	33.5316930330014	35.3652292203097	37.2284808039575
MEX	581.426413568	598.873248516411	624.004606908772	643.118145445437	661.348737279436	671.406816517518	680.814167648023	675.222158080859	669.451555212693	663.502359043525	657.374569573354	640.407438571316	623.637212179856	607.063890398975	590.687473228672	574.507960668949	558.525352719804	542.739649381237	527.150850653249	511.75895653584	496.56396702901
LCA	0.6832	0.716058811849908	0.757492558310328	0.791952532688664	0.826110090374824	0.851212404586427	0.876083458974601	0.888785957408102	0.901355036712701	0.913790696888399	0.926092937935195	0.914895095199951	0.903758543411774	0.892683282570667	0.881669312676627	0.870716633729656	0.859825245729754	0.848995148676919	0.838226342571153	0.827518827412456	0.816872603200827
JAM	8.027264512	8.45092687595682	8.82314618198924	9.15080229580446	9.48431088854914	9.71638271014575	9.9510780567797	9.95958970929511	9.96403994324309	9.96442875862365	9.96075615543678	10.042071304672	10.1217831070173	10.1998915624728	10.2763966710384	10.3512984327143	10.4245968475002	10.4962919153963	10.5663836364026	10.6348720105191	10.7017570377457
HTI	3.696529664	5.71799157048963	8.0381611480337	10.637394020925	13.5169203938903	16.5997457589744	19.9418977875129	23.3117924236905	26.8914473858749	30.6808626740662	34.6800382882644	37.5780892646465	40.4894310194195	43.4140635525834	46.3519868641382	49.3032009540839	52.2677058224205	55.245501469148	58.2365878942664	61.2409650977756	64.2586330796758
HND	5.962758144	7.65214606747649	9.62022832384812	11.8613754335501	14.3341578670981	16.8820257303957	19.6333613068269	22.1728081959146	24.8523850142719	27.6720917618987	30.631928438795	32.6957412295333	34.7786067986329	36.8805251460938	39.0014962719159	41.1415201760993	43.3005968586439	45.4787263195499	47.6759085588171	49.8921435764456	52.1274313724354
GUY	0.712328832	0.833170949006438	0.938885607881099	1.03127893511663	1.11880665752975	1.19357014913354	1.26205544096646	1.27098165767621	1.26554649241011	1.24574994516816	1.21159201595037	1.24915983350625	1.2823862201969	1.31127117602234	1.33581470098257	1.35601679507757	1.37187745830736	1.38339669067194	1.39057449217129	1.39341086280543	1.39190580257435
GTM	19.290566656	23.3547062491929	28.137067946987	33.7126855069166	39.732432714399	46.0643068801692	52.826678281047	59.1137987844674	65.7466324841923	72.7251793802218	80.0494394725558	84.3513347528147	88.7333848253912	93.1955896902852	97.7379493474966	102.360463797026	107.063133038872	111.845957073036	116.708935899518	121.652069518317	126.675357929433
ECU	15.94164224	18.7574700375923	21.7211144309796	25.0342570289248	28.5726714201078	32.0385108958416	35.6876914999882	38.780798377774	41.965997940553	45.2432901883253	48.6126751210907	50.9093527584803	53.1828341868114	55.433119406084	57.6602084162981	59.8641012174537	62.0447978095509	64.2022981925895	66.3366023665697	68.4477103314914	70.5356220873545
DOM	19.703281664	22.2181360546358	24.8555576220532	27.5306053665113	30.3324333714393	32.9702792630512	35.7150437930682	37.811213924853	39.9659944039926	42.1793852304872	44.4513864043366	45.4099272760815	46.3492940985143	47.2694868716351	48.1705055954438	49.0523502699404	49.915020895125	50.7585174709975	51.5828399975579	52.3879884748063	53.1739629027426
CRI	15.946326016	17.5726812906377	18.9572414569345	20.2113702248316	21.4670556095696	22.5370150365516	23.6082966961694	24.2661212284638	24.9247495457228	25.5841816479463	26.2444175351343	26.1309365820301	26.0172937267405	25.9034889692654	25.7895223096048	25.6753937477588	25.5611032837273	25.4466509175103	25.3320366491079	25.21726047852	25.1023224057466
COL	83.778625536	95.0555282820432	106.309417819539	117.553742327935	129.359520198994	140.447935684793	151.991875879006	160.975507457776	170.18396184435	179.61723903873	189.275339040915	195.777758809443	202.280717436012	208.784214920622	215.288251263274	221.792826463968	228.297940522703	234.80359343948	241.309785214298	247.816515847157	254.323785338058
CHL	75.775148032	79.458984575222	82.8587771094768	85.7760403076313	88.632572400171	90.5655524433916	92.4525705402365	92.6705111851931	92.8707570860884	93.0533082429225	93.2181646556954	92.1957117880532	91.1766685613768	90.1610349756661	89.1488110309212	88.1399967271421	87.1345920643287	86.132597042481	85.1340116615991	84.138835921683	83.1470698227326
BRA	601.732022272	651.621728829583	700.513607207716	744.352228661804	788.878446506627	825.910450993953	863.482059921566	887.436110318393	911.678241021238	936.208452030101	961.026743344982	960.739785221988	960.305235969202	959.723095586624	958.993364074254	958.116041432093	957.091127660139	955.918622758394	954.598526726857	953.130839565528	951.515561274407
BOL	8.397858304	10.6944104285235	13.2379845268549	15.9776373011864	18.9663632706314	22.0158781337059	25.281762741882	28.283290185508	31.4300457460109	34.7220294233907	38.1592412176476	40.7499844819659	43.3727138680892	46.0274293760175	48.7141310057508	51.4328187572892	54.1834926306325	56.9661526257809	59.7807987427342	62.6274309814926	65.506049342056
BLZ	0.832	0.947121932759106	1.06098891744899	1.17174242211361	1.28452984856144	1.38684103283649	1.49093635902663	1.57311878860139	1.65662148319331	1.74144444280241	1.82758766742869	1.84058286951624	1.85349551795889	1.86632561275664	1.87907315390947	1.8917381414174	1.90432057528042	1.91682045549853	1.92923778207173	1.94157255500003	1.95382477428342
BHS	4.88	5.00837623906426	5.11276040727319	5.17884629937987	5.22213972417398	5.19676757569103	5.1528015722952	5.0158229754779	4.86774804589001	4.70857678353153	4.53830918840245	4.23657542196481	3.93893245545656	3.64538028887769	3.3559189222282	3.0705483555081	2.78926858871739	2.51207962185606	2.23898145492411	1.96997408792155	1.70505752084838
ARG	284.20374528	291.500290990856	299.159815650176	305.265752729784	310.698313189131	313.075915406995	314.905905047871	312.566083600878	309.880590697806	306.849426338657	303.47259052343	293.236478905103	283.063407856812	272.953377378558	262.90638747034	252.922438132159	243.001529364014	233.143661165906	223.348833537834	213.617046479798	203.948299991799
o_AFRICA	6.34954843025062	7.35859928292769	8.4393513547344	9.59869149048011	10.7499842313518	11.8871246151026	13.016259246385	14.1201455593999	15.2161445405373	16.304256189797	17.384480507179	18.3781376774191	19.364455408354	20.3434336999838	21.3150725523084	22.279371965328	23.2363319390425	24.1859524734518	25.128233568556	26.0631752243551	26.9907774408491
LBY	34.495012864	36.490800848922	38.3941097687639	39.6727718029406	40.6289243697685	40.4216525098731	39.9878220454726	38.9427201744777	37.720610443073	36.3214928512584	34.7453673990339	31.8786140971061	29.0280550119401	26.1936901435358	23.3755194918934	20.5735430570127	17.7877608388939	15.0181728375368	12.2647790529415	9.527579485108	6.80657413403628
ZWE	7.39922432	7.76196995413715	8.23653660315542	8.78603310477198	9.34597358055689	9.87670994442575	10.4169978734552	10.9262968725533	11.4442550278042	11.9708723392081	12.5061488067649	12.6298107357806	12.753270550865	12.876528252018	12.9995838392396	13.1224373125298	13.2450886718887	13.3675379173162	13.4897850488123	13.611830066377	13.7336729700104
ZMB	3.237720064	3.79364026912149	4.43425445066997	5.17334267335807	5.96562451229734	6.83362864068242	7.75708421404584	8.69551419255199	9.68570851958292	10.7276671951387	11.8213902192192	12.5325126486652	13.2619301647242	14.0096427673962	14.7756504566812	15.5599532325792	16.3625510950903	17.1834440442143	18.0226320799514	18.8801152023014	19.7558934112645
ZAF	132.877647872	135.03485974591	133.378914327855	130.551679590957	127.503827538476	124.178328598451	120.637499228088	116.04267671354	111.318215367019	106.464115188526	101.48037617806	94.9023130720333	88.3827050558724	81.9215521295769	75.5188542931466	69.1746115465818	62.8888238898822	56.6614913230481	50.4926138460792	44.3821914589757	38.3302241617375
UGA	5.926505984	7.64892303115012	9.81853427806924	12.6290685321875	15.7471884388985	19.5501887947432	23.7113573835502	28.413821628117	33.4961029660006	38.958201397201	44.800116921718	49.9589902931886	55.3960591313112	61.1113234360857	67.1047832075123	73.3764384455909	79.9262891503215	86.7543353217041	93.8605769597387	101.245014064425	108.907646635764
TZA	9.079262208	11.1979053039431	13.6640712722261	16.4972379768072	19.5796874309033	22.930529205084	26.5329329895414	30.1181481185959	33.9262863464554	37.95734767312	42.2113320985896	44.6327714921345	47.0965780763876	49.6027518513489	52.1512928170183	54.7422009733958	57.3754763204815	60.0511188582753	62.7691285867773	65.5295055059874	68.3322496159057
TUN	19.468374016	19.9069880114045	20.3089292818438	20.5731970257143	20.7687417210367	20.6983226380805	20.574328430445	20.0085309297891	19.4214542027459	18.8130982493155	18.1834630694977	17.1181227805214	16.0728591118041	15.0476720633457	14.0425616351462	13.0575278272056	12.0925706395239	11.1476900721012	10.2228861249373	9.31815879803243	8.43350809138643
TGO	1.3291104	1.68390094298884	2.09246820736508	2.55850040458475	3.06904237432353	3.62592169808247	4.22754983717748	4.81709462286314	5.4448145464183	6.11070960784296	6.81477980713713	7.25698323911642	7.70917672556571	8.17136026648502	8.64353386187434	9.12569751173366	9.61785121606299	10.1199949748623	10.6321287881317	11.1542526558711	11.6863665780804
TCD	1.3902752	1.95036746475318	2.57990434894626	3.35722430093607	4.23590373086082	5.34401028231549	6.57704567939942	7.99534056199614	9.5479416514782	11.2348489478456	13.0560624510983	14.3851401360082	15.7742451347364	17.2233774472831	18.7325370736482	20.3017240138317	21.9309382678336	23.6201798356539	25.3694487172927	27.1787449127498	29.0480684220254
SWZ	1.388703232	1.44354293145869	1.45432053777042	1.45569261753658	1.45535806639161	1.44632418080223	1.43593676035229	1.42530240628893	1.41325566802325	1.39979654555526	1.38492503888496	1.34448188285116	1.30406405438217	1.26367155347799	1.22330438013861	1.18296253436405	1.14264601615429	1.10235482550935	1.06208896242921	1.02184842691388	0.981633218963367
STP	0.046484292	0.0537998720370076	0.0612538812590919	0.0707417028730772	0.0808568042766888	0.0926742932806064	0.105217074541279	0.117077403725337	0.129545410205595	0.142621093982053	0.156304455054712	0.164754382566405	0.173393842037456	0.182222833467865	0.191241356857633	0.20044941220676	0.209846999515245	0.219434118783088	0.229210770010289	0.239176953196849	0.249332668342768
SLE	0.63378656	0.946167373619548	1.2281961356312	1.58665447083799	1.99071487082627	2.48086905616203	3.02488739612124	3.64361515946491	4.31973963174609	5.05326081296479	5.84417870312099	6.28052428171074	6.72212456770394	7.1689795611006	7.62108926190071	8.07845367010428	8.5410727857113	9.00894660872178	9.48207513913571	9.96045837695309	10.4440963221739
SEN	4.384747008	5.17046517394037	6.04693087250658	6.98108939618564	7.96217809444558	8.98545411729669	10.0553755260615	11.1030107486283	12.1933867545925	13.3265035439542	14.5023611167132	15.1336953412631	15.7778901070328	16.4349454140223	17.1048612622316	17.7876376516608	18.4832745823098	19.1917720541785	19.9131300672672	20.6473486215756	21.3944277171038
SDN	12.191583232	14.1511839057662	16.5508006311746	19.1343755274747	21.875638781725	24.6885572369594	27.6523883084929	30.4903012206882	33.4589160383052	36.5582327613438	39.7882513898039	41.4406743146932	43.1149711862011	44.8111420043274	46.5291867690722	48.2691054804355	50.0308981384174	51.8145647430176	53.6201052942364	55.4475197920737	57.2968082365294
RWA	1.810880128	2.27726098100294	2.88078590287799	3.6117968227605	4.42146358316309	5.27246910675905	6.19672759365086	7.20924070229711	8.29690406368307	9.45971767780874	10.6976815446741	11.5038562550745	12.3340108285223	13.1881452650176	14.0662595645602	14.9683537271504	15.8944277527879	16.8444816414729	17.8185153932054	18.8165290079852	19.8385224858125
NGA	42.078142464	50.404681663917	59.51331732401	69.4502577029423	80.0600340466077	91.1191629785696	102.831205462694	114.526086630313	126.819036689081	139.710055638998	153.199143480065	161.484898958191	169.960682167102	178.626493106798	187.482331777279	196.528198178547	205.764092310599	215.190014173437	224.80596376706	234.611941091469	244.607946146663
NER	1.798365184	2.51732275500801	3.44096712930995	4.67612383417838	6.09212514367672	8.01980462331917	10.1898850502342	13.0577645795941	16.2394858458492	19.7350488489993	23.5444535890444	27.1904770910506	31.0933569697701	35.2530932252027	39.6696858573486	44.3431348662076	49.2734402517799	54.4606020140653	59.904620153064	65.6054946687759	71.5632255612009
NAM	3.413544704	3.55934410061473	3.68290813632201	3.78902435033106	3.88033581994433	3.94063546627583	3.98727759932709	3.97113842994217	3.94508390591579	3.90911402724795	3.86322879393865	3.7312280113875	3.59616002100458	3.45802482278989	3.31682241674344	3.17255280286522	3.02521598115524	2.8748119516135	2.72134071423999	2.56480226903472	2.40519661599768
MWI	1.74350656	2.36360059413175	3.11886074236154	4.03605252333146	5.07130296366639	6.26673272595059	7.58845913331284	9.00086265403067	10.5337359518832	12.1870790268704	13.9608918789922	15.269975508664	16.6273977203231	18.0331585139695	19.4872578896031	20.9896958472242	22.5404723868325	24.1395875084281	25.7870412120111	27.4828334975814	29.226964365139
MUS	4.423849984	4.44248226460771	4.42743435775941	4.3694836794911	4.29905819051929	4.1759472716095	4.04441961294795	3.84020401758757	3.63478603083407	3.42816565268747	3.22034288314776	2.97731752933918	2.73801107088146	2.5024235077746	2.27055484001861	2.04240506761348	1.81797419055921	1.59726220885581	1.38026912250326	1.16699493150159	0.957439635850772
MRT	1.080830464	1.29292164585085	1.51839119792215	1.75364227148606	2.00085664454773	2.26028278174183	2.53168736185079	2.79371813268104	3.06650072964218	3.35003515273423	3.64432140195717	3.85330910899011	4.06809948904415	4.28869254211927	4.51508826821548	4.74728666733277	4.98528773947115	5.22909148463062	5.47869790281118	5.73410699401283	5.99531875823556
MOZ	3.777704704	4.79357130007691	5.86878541007023	7.0482799216041	8.33555668874276	9.75317770112731	11.2820411565271	12.8623348867937	14.5459177934905	16.3327898766174	18.2229511361743	19.427186380755	20.6518139915857	21.8968339686665	23.1622463119974	24.4480510215783	25.7542480974093	27.0808375394903	28.4278193478214	29.7951935224025	31.1829600632337
MLI	2.422469632	3.09138955455876	3.92137452189109	4.95871354123824	6.10516160823951	7.48546437471654	8.99145459538171	10.6795181045644	12.4998835629841	14.4525509706407	16.5375203275343	18.2867659261896	20.1238437257158	22.048753726113	24.0614959273812	26.1620703295203	28.3504769325303	30.6267157364112	32.9907867411631	35.442689946786	37.9824253532797
MDG	3.877620992	4.91761328837019	6.13420679046413	7.54100067475769	9.08603067488767	10.8089720084505	12.6754792765466	14.651798701956	16.767686697876	19.0231432643066	21.4181684012479	23.2393715074398	25.1318369799937	27.0955648189094	29.1305550241871	31.2368075958267	33.4143225338283	35.6630998381917	37.9831395089171	40.3744415460044	42.8370059494536
MAR	33.3340672	34.6037559488004	36.0440029398094	37.4283745834078	38.7302045977527	39.5511459215214	40.3059718109131	40.2926514101042	40.2434095147106	40.1582461247322	40.0371612401691	39.070336463754	38.1056980016686	37.143245853913	36.1829800204872	35.224900501391	34.2690072966247	33.315300406188	32.3637798300811	31.414445568304	30.4672976208566
LSO	0.859322752	0.929197616748627	0.986183466962884	1.04312489147857	1.10166358219807	1.15395837237816	1.20744775660983	1.25196433358871	1.29717887563145	1.34309138273803	1.38970185490846	1.44929737867632	1.51013762045464	1.57222258024342	1.63555225804268	1.7001266538524	1.76594576767258	1.83300959950324	1.90131814934436	1.97087141719594	2.041669403058
LBR	0.560899968	0.721842133869148	1.02079187848119	1.34040649563017	1.70165757549242	2.16973577222386	2.69054987881579	3.33545905099934	4.04348617689939	4.81463125651594	5.64889428984899	6.2118577697382	6.8002512421325	7.41407470703189	8.05332816443635	8.7180116143459	9.40812505676054	10.1236684916802	10.8646419191051	11.6310453390349	12.4228787514699
KEN	12.705273856	15.0377165403172	17.8145621674433	20.9682780762953	24.2973701015952	27.8079123332169	31.4942276035127	35.3372911369084	39.3549607576331	43.5472364656867	47.9141182610693	49.4647462424177	51.0265718856339	52.5995951907178	54.1838161576695	55.7792347864889	57.3858510771761	59.0036650297311	60.6326766441538	62.2728859204443	63.9242928586026
GNQ	1.34104896	1.44818240488801	1.56564455774356	1.70433739723438	1.82536346207215	1.94506786032685	2.04555367264142	2.13080370968816	2.19641736544824	2.24239463992166	2.26873553310842	2.17885595496346	2.08216159161822	1.97865244307272	1.86832850932694	1.75118979038089	1.62723628623457	1.49646799688797	1.35888492234111	1.21448706259397	1.06327441764656
GNB	0.215455488	0.296415124586446	0.396445929680279	0.528916540943472	0.680092005827872	0.877627069321467	1.09911001358767	1.36908079838451	1.66691047880202	1.99259905484021	2.34614652649908	2.61608983199641	2.90042148643312	3.19914148980922	3.51224984212471	3.83974654337959	4.18163159357387	4.53790499270753	4.90856674078059	5.29361683779303	5.69305528374487
GMB	0.420894592	0.525707537306487	0.638575133007253	0.761017952050276	0.893035994435555	1.03728844964156	1.19138910604827	1.34868419931421	1.51520804402516	1.69096064018111	1.87594198778207	1.98059298315305	2.08744375142315	2.19649429259235	2.30774460666065	2.42119469362807	2.53684455349459	2.65469418626022	2.77474359192496	2.89699277048881	3.02144172195176
GIN	3.112362496	3.57104658871007	4.15042759015331	4.9565525041518	5.81330840330497	6.7826178697571	7.8071423383997	8.90350845902778	10.0562355861053	11.2653237196322	12.5307728596086	13.1986577045059	13.8832918049456	14.5846751609278	15.3028077724525	16.0376896395196	16.7893207621292	17.5577011402812	18.3428307739757	19.1447096632127	19.9633378079921
GHA	4.977585664	6.10478955139158	7.33642823198231	8.69187713978518	10.1613837820622	11.7046542281934	13.3567350851718	14.9647526427181	16.6639662997546	18.4543760562813	20.3359819122981	21.5696281713996	22.8252543838083	24.1028605495244	25.4024466685479	26.7240127408787	28.0675587665168	29.4330847454622	30.820590677715	32.2300765632751	33.6615424021426
GAB	4.931781632	5.1639843916423	5.3203247071377	5.46262997491107	5.56890026145811	5.6109978196009	5.61999147154534	5.52619218252391	5.4073925476756	5.26359256700042	5.09479224049837	4.78510536744153	4.46797718399897	4.14340769017069	3.8113968859567	3.471944771357	3.12505134637157	2.77071661100043	2.40894056524357	2.039723209101	1.6630645425727
ETH	6.527844352	9.91887072145201	14.0688244027667	19.0899283753634	24.8459309651128	31.4407339686209	38.7964547173472	46.7589497413424	55.4514923586137	64.8740825691611	75.0267203729846	83.2248285678455	91.7691050830671	100.659549918649	109.896163074592	119.478944550895	129.407894347559	139.683012464584	150.304298901969	161.271753659715	172.585376737821
ERI	0.6335792	0.90352711082662	1.20933899579539	1.56190073541751	1.95901688056132	2.38239706985769	2.84707427938977	3.35670066960757	3.90817617926209	4.50150080835333	5.13667455688128	5.57584741664994	6.0292607137582	6.49691444820606	6.97880861999351	7.47494322912056	7.98531827558721	8.50993375939345	9.04878968053929	9.60188603902473	10.1692228348498
EGY	102.216351744	108.969110616235	115.740988413647	121.734130690172	127.197588330059	131.098694447808	134.533031464703	135.674098694625	136.466896549741	136.911425030051	137.007684135554	132.5415440243	128.041304304903	123.50696497736	118.938526041674	114.335987497842	109.699349345866	105.028611585746	100.323774217481	95.5848372410712	90.811800656517
DZA	53.454692352	55.8800141615819	58.4284458314229	60.7678684795357	62.8396024782168	63.8130524241757	64.5759295435411	63.9767169811663	63.2519627091867	62.4016667276022	61.425829036413	58.5052229366974	55.6166890148949	52.7602272710055	49.9358377050292	47.1435203169661	44.3832751068161	41.6551020745792	38.9590012202554	36.2949725438447	33.6630160453472
DJI	0.552928512	0.60763789667342	0.661346347746344	0.716316167434552	0.771035818681643	0.832996275185326	0.894673207455744	0.945439509977471	0.995969820269743	1.04626413833256	1.09632246416593	1.11824041770856	1.14004831387477	1.16174615266457	1.18333393407794	1.2048116581149	1.22617932477544	1.24743693405957	1.26858448596727	1.28962198049856	1.31054941765342
CPV	0.531386016	0.585854498102402	0.642310984352108	0.697707690220827	0.750311318376897	0.797460119423043	0.841929382500955	0.873016627068637	0.901901200594635	0.92858310307895	0.953062334521582	0.932714941213947	0.91224985808848	0.891667085145179	0.870966622384044	0.850148469805077	0.829212627408276	0.808159095193642	0.786987873161175	0.765698961310874	0.74429235964274
COM	0.203846592	0.249972503095692	0.302054071119185	0.358989660142461	0.420466021414772	0.487082764412211	0.558305147833672	0.630146305772685	0.706203895085803	0.786477915773025	0.870968367834352	0.927002412694615	0.984584304130444	1.04371404214184	1.1043916267288	1.16661705789133	1.23039033562942	1.29571145994308	1.36258043083231	1.4309972482971	1.50096191233746
COG	3.21989376	3.57828493635511	3.91936859401021	4.29444185729684	4.65691763701593	5.01661318009525	5.36341598608592	5.6753347845011	5.97504274086449	6.26253985517608	6.53782612743588	6.66828391669836	6.79091488509582	6.90571903262825	7.01269635929565	7.11184686509802	7.20317055003536	7.28666741410767	7.36233745731496	7.43018067965721	7.49019708113444
COD	4.304347648	6.86535353930279	10.2709772054465	14.6789023663052	19.8654887366021	26.4417715206749	33.9563146966169	42.8246034639426	52.7172000397767	63.6341044241191	75.5753166169698	84.3262851499725	93.4843668185792	103.04956162279	113.021869562604	123.401290638023	134.187824849045	145.381472195672	156.982232677902	168.990106295737	181.405093049175
CMR	8.879292416	10.1081342688883	11.3301358235209	12.5699468817812	13.8400641536392	15.095421298938	16.3798526979322	17.5655750424584	18.7769714313495	20.0140418646055	21.2767863422264	21.7301299658536	22.188049767647	22.6505457476068	23.1176179057329	23.5892662420253	24.0654907564841	24.5462914491091	25.0316683199005	25.5216213688582	26.0161505959822
CIV	10.4252928	11.4691661784953	12.6885117201597	14.0411191104302	15.4159068366821	16.7594651574637	18.1242636832346	19.3589689368307	20.6122966654082	21.884246868967	23.1748195475071	23.5864108842488	24.0016173484815	24.4204389402052	24.8428756594201	25.268927506126	25.698594480323	26.1318765820111	26.5687738111902	27.0092861678604	27.4534136520217
CAF	0.952835776	1.13352921088978	1.35161778127838	1.59521792148811	1.85892028190842	2.13137994866422	2.42246162464122	2.71509961949557	3.02438998798042	3.35033273009578	3.69292784584163	3.93090908039452	4.17417154985126	4.42271525421186	4.67654019347632	4.93564636764463	5.20003377671679	5.46970242069281	5.74465229957269	6.02488341335642	6.31039576204401
BWA	5.250845696	5.36347756909947	5.47941840951793	5.53870895910313	5.57348334272439	5.56038376873769	5.52496523234042	5.44439657269793	5.34387961763667	5.22341436715664	5.08300082125786	4.76661719675709	4.45073188997754	4.13534490091922	3.82045622958211	3.50606587596624	3.19217384007158	2.87878012189815	2.56588472144594	2.25348763871496	1.9415888737052
BFA	2.600700672	3.40156790909323	4.33649425395521	5.47046987415059	6.729154898272	8.2047118907329	9.81846721191149	11.575960640268	13.4723596817882	15.5076643364721	17.6818746043197	19.631867656081	21.6838353027364	23.8377775442857	26.0936943807291	28.4515858120665	30.9114518382979	33.4732924594233	36.1371076754428	38.9028974863563	41.7706618921638
BEN	2.254838784	2.82382468243002	3.48688807022944	4.25138454826621	5.07773400615054	6.00743861044859	7.00311697939418	8.06773460482611	9.19859384591759	10.3956947026686	11.6590371750792	12.3666492898068	13.0929204443577	13.8378506387317	14.6014398729288	15.3836881469491	16.1845954607926	17.0041618144592	17.842387207949	18.699271641262	19.5748151143981
BDI	0.678535232	1.04427218893957	1.56661550051237	2.20618395582855	2.95493855915952	3.89793020728402	4.97067569901687	6.39232162957529	7.98639703839646	9.75290192548039	11.6918362908271	13.0997991055001	14.5816091460672	16.1372664125285	17.7667709048838	19.4701226231332	21.2473215672767	23.0983677373144	25.0232611332461	27.0220017550719	29.0945896027919
AGO	9.12918016	10.6033389029123	12.2466757003796	14.19938578257	16.1715984370086	18.4346839404128	20.7200448447834	23.188702007588	25.6812632216843	28.1977284870722	30.7380978037518	32.3156408852463	33.9073055940003	35.5130919300138	37.1329998932868	38.7670294838192	40.4151807016112	42.0774535466626	43.7538480189736	45.444364118544	47.1490018453739
ROW	1018.951000	1120.08770358553	1225.52133724941	1325.19878671728	1425.22647914781	1618.80295625727	1813.06336572188	1857.33853722503	1901.76010762224	1946.32807691351	1991.04244509885	2026.20659747101	2061.48279978955	2096.87105205449	2132.37135426582	2167.98370642355	2203.70810852766	2239.54456057817	2275.49306257507	2311.55361451836	2347.72621640804
YUG	8.602799104	10.3804307007785	11.4972972711022	14.5532006746355	17.6728257750898	17.862966101721	18.0531064283522	19.9960643388405	21.9755597486452	23.9915926577663	26.0441630662038	27.9503958877603	29.8895067390669	31.8614956201237	33.8663625309305	35.9041074714875	37.9747304417946	40.0782314418518	42.2146104716591	44.3838675312165	46.5860026205241
ROM	37.052637184	36.5842195015081	36.147207103175	35.6015239528689	35.0368206717098	34.3200090610223	33.5814881436776	32.5991585057921	31.5907207107619	30.5561747585869	29.495520649267	29.2361258077257	28.966385091746	28.6862985013281	28.3958660364719	28.0950876971773	27.7839634834445	27.4624933952734	27.1306774326639	26.7885155956162	26.4360078841301
UZB	13.760374784	16.7596040132393	20.1172588892949	23.7392844753911	27.6486840260117	31.2983832593043	35.1483087001276	38.5956009379302	42.1602811307366	45.8423492785467	49.6418053813605	51.9910546588981	54.288725406423	56.5348176239351	58.7293313114344	60.872266468921	62.9636230963947	65.0034011938558	66.991600761304	68.9282217987394	70.8132643061621
UKR	31.261528064	33.2834820598602	35.1827651695314	36.8411977483899	38.2570063042761	39.3635415857716	40.2180703627419	40.8588901006835	41.2524293248079	41.3986880351152	41.2976662316054	42.4050038566647	43.4091326019652	44.3100524675069	45.1077634532897	45.8022655593136	46.3935587855787	46.8816431320849	47.2665185988323	47.5481851858208	47.7266428930504
TKM	2.852720128	3.39986125756833	3.99244458780593	4.6260452235288	5.30488397325038	5.93609420305155	6.59934809693514	7.1801670247296	7.7787879881254	8.39521098712255	9.02943602172104	9.45789953659812	9.88189405274249	10.3014195701542	10.7164760888331	11.1270636087794	11.5331821299929	11.9348316524738	12.3320121762219	12.7247237012374	13.1129662275201
TJK	0.980013504	1.65266240061659	2.44254580915881	3.38447823839481	4.44616338492322	5.56870629022903	6.79341323247494	7.94575505701151	9.16012504683315	10.4365232019398	11.7749495223316	12.6998623189254	13.6118966366264	14.5110524754346	15.39732983535	16.2707287163725	17.1312491185023	17.9788910417392	18.8136544860833	19.6355394515346	20.4445459380931
SVN	19.067131904	18.4536121469144	17.7136404346436	16.8323420680881	15.9620355066897	14.9406992251563	13.9462739148695	12.8657041788274	11.8243638163632	10.822252827477	9.85937121216858	8.97643825294448	8.12706169183825	7.3112415288499	6.52897776397943	5.78027039722684	5.06511942859214	4.38352485807531	3.73548668567636	3.12100491139529	2.5400795352321
SVK	20.218161152	19.7504402948422	19.3186935709	18.8015391033822	18.2869684584808	17.5773342044346	16.8805329360498	15.9957807939875	15.134842883706	14.2977192052054	13.4844097584857	12.8315276393194	12.1940704746784	11.5720382645626	10.9654310089719	10.3742487079065	9.79849136136627	9.23815896935124	8.69325153186142	8.1637690488968	7.64971152045739
RUS	259.708502016	255.52624885687	250.955817698709	245.7103755593	240.358831476721	234.369943742053	228.267161720772	222.468445551588	216.56187717965	210.547456604956	204.425183827508	201.423684673219	198.359695218875	195.233215464477	192.044245410025	188.79278505552	185.478834400959	182.102393446345	178.663462191677	175.162040636955	171.598128782179
POL	166.548471808	161.122058234723	155.516361840492	149.509807967947	143.598046471589	136.084529825023	128.769812256587	120.206850857679	111.93719296541	103.960838579778	96.2777877007847	90.8496864106822	85.5675283536976	80.4313135298307	75.4410419390816	70.5967135814503	65.8983284569368	61.3458865655411	56.9393879072631	52.678832482103	48.5642202900606
MKD	3.586884096	3.65638357140887	3.69391684856655	3.70429005586565	3.71446767392127	3.68474932166809	3.6543097340796	3.5754389719694	3.49522353381032	3.41366341960235	3.3307586293455	3.31416571172921	3.29708969049591	3.2795305656456	3.26148833717828	3.24296300509395	3.22395456939262	3.20446303007427	3.18448838713892	3.16403064058656	3.14308979041718
MDA	1.288420224	1.53835506361786	1.78952797951829	2.07204302450262	2.34364205715345	2.58025552961984	2.80036605430643	2.97637028906737	3.13067142844083	3.26326947242679	3.37416442102528	3.53860056351763	3.69162950433339	3.83325124347257	3.96346578093517	4.08227311672118	4.1896732508306	4.28566618326344	4.3702519140197	4.44343044309937	4.50520177050245
LVA	7.725804032	7.33559998849824	7.01103483420828	6.70744542613253	6.41049197280781	6.10104433040987	5.79902408690757	5.50443124230093	5.21726579658993	4.93752774977458	4.66521710185488	4.45485536314128	4.24934575381918	4.04868827388858	3.85288292334947	3.66192970220187	3.47582861044576	3.29457964808115	3.11818281510804	2.94663811152642	2.77994553733631
LTU	11.381475328	10.919265225042	10.4321660262226	10.0019102916857	9.5806764219055	9.14343810103631	8.71625794019994	8.2716179746254	7.83822486072393	7.41607859849553	7.0051791879402	6.80113195946179	6.59908301292364	6.39903234832577	6.20097996566817	6.00492586495085	5.8108700461738	5.61881250933702	5.42875325444051	5.24069228148427	5.05462959046831
KGZ	1.369691904	1.89726114816203	2.48588479089881	3.10994402740466	3.78019389301216	4.42225665788862	5.09227921533325	5.69787561572597	6.31324479627965	6.93838675699432	7.57330149786996	8.09507528614759	8.60926060865149	9.11585746538167	9.61486585633813	10.1062857815209	10.5901172409299	11.0663602345652	11.5350147624268	11.9960808245146	12.4495584208287
KAZ	18.291990528	19.2198755747047	20.5479227381165	21.8314573628146	23.1538738204991	24.1268905418416	25.1168071470237	25.8721960852733	26.6310134009128	27.3932590939422	28.1589331643614	28.3885558016235	28.5954991501078	28.7797632098142	28.9413479807429	29.0802534628937	29.1964796562668	29.2900265608621	29.3608941766796	29.4090825037192	29.4345915419811
HUN	46.680600576	44.814503027812	42.9032301509885	40.9724923337377	39.0822732951629	37.1479669664315	35.2596411953199	33.347354516345	31.4858750833588	29.6752028963612	27.9153379553522	26.3535185650388	24.8307184634644	23.3469376506291	21.9021761265328	20.4964338911755	19.1297109445573	17.8020072866782	16.513322917538	15.2636578371369	14.0530120454749
HRV	18.42722816	18.1425947593641	17.6001474205305	16.8253290552327	16.0672963702299	15.2581321788293	14.4696668938047	13.6395808692973	12.8340039976131	12.0529362787521	11.2963777127145	10.8124017078234	10.3356545000002	9.86613608924495	9.40384647555756	8.94878565893806	8.50095363938644	8.06035041690271	7.62697599148688	7.20083036313893	6.78191353185887
GEO	3.057455616	3.20657039148346	3.3804950126389	3.57596654658484	3.75499075438799	3.90862795330888	4.04457391066442	4.1172853124522	4.16674240647928	4.19294519274564	4.19589367125129	4.31232832727757	4.41893207068147	4.51570490146299	4.60264681962213	4.6797578251589	4.74703791807328	4.80448709836529	4.85210536603491	4.88989272108216	4.91784916350703
EST	5.473040384	5.23712273587337	5.01770940686929	4.80836588621812	4.60324717086642	4.3830831112444	4.16822462106822	3.96859318329615	3.77367780725374	3.58347849294097	3.39799524035786	3.21962324608682	3.04580580458209	2.87654291584366	2.71183457987155	2.55168079666574	2.39608156622624	2.24503688855305	2.09854676364617	1.9566111915056	1.81923017213134
CZE	55.707480064	53.8115481081861	51.9813908699658	49.9151024400366	47.8713921843034	45.4297630796726	43.0420137089184	40.4178425378558	37.8708989853497	35.4011830513999	33.0086947360066	30.7983652508828	28.6552064719425	26.5792183991856	24.5704010326122	22.6287543722222	20.7542784180157	18.9469731699927	17.2068386281531	15.533874792497	13.9280816630243
BLR	12.736856064	12.7847923182033	12.80103428687	12.781098402443	12.7399948856125	12.6245141789269	12.4850816287289	12.2718397698617	12.0321669753988	11.7660632453402	11.4735285796858	11.4596382674876	11.4331143520839	11.3939568334747	11.34216571166	11.2777409866397	11.2006826584138	11.1109907269825	11.0086651923456	10.8937060545031	10.7661133134551
BIH	4.527084032	4.84344562016289	5.0413220886476	5.13382291821958	5.22177590403678	5.25533747665719	5.28138884858162	5.25047094791595	5.2092682446305	5.15778073872526	5.09600843020023	5.10654566275131	5.11096412809862	5.10926382624214	5.10144475718189	5.08750692091785	5.06745031745003	5.04127494677843	5.00898080890305	4.97056790382389	4.92603623154094
BGR	12.60700672	12.3766305591492	12.1085935455974	11.7870133290236	11.4518402985793	11.0600065506162	10.6534207354258	10.2420556433131	9.81619988423988	9.37585345820604	8.9210163652116	8.8124419785136	8.6983617480486	8.5787756738166	8.45368375581762	8.32308599405163	8.18698238851866	8.04537293921869	7.89825764615172	7.74563650931776	7.58750952871681
AZE	5.27261696	5.9852316795692	6.81317001087319	7.68435176179984	8.59949355491614	9.3877820492228	10.1962534559813	10.8045793206798	11.4061660279671	12.0010135778432	12.5891219703082	13.1643482829017	13.7322322407145	14.2927738437466	14.845973091998	15.3918299854688	15.9303445241588	16.4615167080682	16.985346537197	17.501834011545	18.0109791311123
ARM	1.911584896	2.08460600128736	2.27372515944098	2.47094973829177	2.66591887302219	2.81729473309318	2.96042412559909	3.05465991711857	3.13550400917341	3.20295640176361	3.25701709488918	3.32576822608315	3.38396424841997	3.43160516189963	3.46869096652214	3.49522166228748	3.51119724919566	3.51661772724668	3.51148309644055	3.49579335677725	3.4695485082568
ALB	3.694329856	3.9140495687111	4.16171703544674	4.41892750936988	4.68381952112316	4.88885386065863	5.0975836427178	5.21836706981532	5.33773875482514	5.45569869774726	5.57224689858167	5.65044075903492	5.72537053329988	5.79703622137656	5.86543782326496	5.93057533896509	5.99244876847693	6.05105811180049	6.10640336893576	6.15848453988276	6.20730162464148
o_ME	2.20644812605863	2.85299694293607	3.17913510935509	3.46530714250643	3.75273096304808	3.97992656050428	4.20809935972968	4.37367845297753	4.53995208632581	4.70692025977451	4.87458297332365	4.87081527200079	4.86698352041238	4.86308771855842	4.8591278664389	4.85510396405383	4.8510160114032	4.84686400848702	4.84264795530529	4.83836785185799	4.83402369814515
ISR	115.48721152	126.175261769091	135.86222268854	137.48891336518	138.586744105487	139.062875663044	139.018040716155	135.677342656744	132.073530201148	128.206603349367	124.076562101401	118.304069605944	112.42589282802	106.442031767628	100.352486424769	94.1572567994418	87.8563428916471	81.4497447013846	74.9374622286545	68.3194954734567	61.5958444357913
IRQ	25.85710592	32.682841644346	39.976792489258	50.2199840891336	61.6093499730595	73.9244928640452	87.3509094176619	100.966360714073	115.567010560082	131.152858955687	147.72390590089	158.827262307098	170.223075232653	181.911344677553	193.892070641799	206.165253125392	218.73089212833	231.588987650615	244.739539692246	258.182548253223	271.918013333546
YEM	9.438454784	14.3460168179471	20.5824967779221	28.4860991482459	37.6634237237051	48.4209152369977	60.5266372789859	74.1801170983575	89.2208517843584	105.648841336988	123.464085756247	142.213399272231	162.286254367534	183.682651042157	206.402589296098	230.446069129359	255.813090541939	282.503653533839	310.517758105058	339.855404255596	370.516591985453
SYR	18.042793984	23.1454530238567	29.0833228512334	35.0039904048699	41.4728005863494	48.1179088741445	55.2550892290575	61.9513051097149	69.0173354315697	76.4531801946218	84.2588393988711	89.0902911134084	93.9443689886316	98.8210730245406	103.720403221135	108.642359578416	113.586942096383	118.554150775035	123.543985614373	128.556446614397	133.591533775107
SAU	188.441870336	207.56612923439	225.189871125203	241.590563684365	256.482508995558	268.134882349582	278.397655074197	282.353050495507	285.282402045379	287.185709723815	288.062973530812	279.412515393882	270.473567896783	261.246131039515	251.730204822077	241.925789244471	231.832884306696	221.451490008752	210.781606350639	199.823233332357	188.576370953907
OMN	19.867881472	20.1680683168209	21.6324425261272	23.17631290646	24.5905172016419	25.710882646302	26.7120096979737	27.1293208528323	27.4589033801498	27.7007572799264	27.854882552162	27.3486238410817	26.7995720713176	26.2077272428698	25.5730893557382	24.8956584099228	24.1754344054237	23.4124173422409	22.6066072203742	21.7580040398239	20.8666078005898
LBN	16.592371712	17.5110846425931	18.3143423505775	19.0108754904127	19.6945480161787	20.196019028361	20.6872742828381	20.8328379927689	20.9735087184266	21.1092864598112	21.2401712169228	20.8801426176914	20.5231851212871	20.16929872771	19.8184834369601	19.4707392490373	19.1260661639416	18.7844641816731	18.4459333022318	18.1104735256176	17.7780848518305
KWT	36.876283904	42.9586477230483	46.5885446659814	49.307860230507	51.6177786400607	53.1445594289859	54.2978213738601	54.477255824751	54.3469195018876	53.9068124052701	53.1569345348984	49.4287284493924	45.7505461894806	42.1223877551632	38.54425314644	35.0161423633111	31.5380554057765	28.1099922738361	24.7319529674901	21.4039374867383	18.1259458315808
JOR	8.460424192	10.3212008718916	12.6505985337153	14.3337716576931	16.1172573198763	18.0789089006647	20.1476855837689	21.9536340029596	23.836939581288	25.7976023187541	27.835622215358	28.9797246469965	30.1338650961492	31.298043562816	32.472260046997	33.6565145486921	34.8508070679013	36.0551376046247	37.2695061588623	38.493912730614	39.7283573198798
IRN	101.065834496	113.771724911832	129.932969556717	147.406696253786	165.981491273569	182.476993445462	199.735886786925	214.994491535288	230.751217030169	247.006063271565	263.759030259479	272.932283031523	281.95318077681	290.82172349534	299.537911187113	308.101743852129	316.513221490387	324.772344101888	332.879111686632	340.833524244619	348.635581775849
BHR	7.970691072	8.58135531799491	9.03680131960778	9.38570255067836	9.68132259593905	9.83754494454674	9.94773234861469	9.85414426899699	9.72901372737982	9.5723407237632	9.38412525814712	8.8232747907343	8.26927458888757	7.72212465260692	7.18182498189238	6.64837557674392	6.12177643716156	5.60202756314529	5.08912895469511	4.58308061181102	4.08388253449303
ARE	70.591422464	85.5288421367288	94.3571042337629	100.017496915068	104.739938823099	107.981376813507	110.341573146491	111.087151906062	111.037002754332	110.191125691303	108.549520716973	99.7508732101948	91.1238337364559	82.6684022957562	74.3845788880956	66.2723635134741	58.3317561718917	50.5627568633485	42.9653655878443	35.5395823453793	28.2854071359533
CHN	1370.036907008	1415.06691331103	1455.14205769302	1491.156403466	1527.08668484025	1545.47474722462	1563.81782568675	1548.98726712567	1534.1860502661	1519.41417510804	1504.6716416515	1480.1126877453	1455.6052645149	1431.1493719603	1406.74501008149	1382.39217887849	1358.09087835129	1333.84110849988	1309.64286932427	1285.49616082446	1261.40098300045
PRK	15.610058214303	16.5011280374714	17.2225459284554	17.9678668038246	18.728356580734	19.4163420089443	20.1153124496916	20.428704041929	20.7350180421962	21.0342544504933	21.3264132668203	21.5672058556665	21.7990720235271	22.0220117704022	22.2360250962916	22.4411120011955	22.6372724851138	22.8245065480466	23.0028141899937	23.1721954109553	23.3326502109313
VNM	31.172517888	36.2954692643015	41.7523521123338	47.3879611706125	53.3775224224259	59.152617383545	65.2149404081069	70.317268364359	75.5757988842364	80.9905319677391	86.5614676148672	89.9095221997165	93.2072425668943	96.4546287164004	99.6516806482351	102.798398362398	105.89478185889	108.94083113771	111.936546198858	114.881927042335	117.77697366814
MNG	0.946532672	1.07497882593059	1.21756107947229	1.37770954791826	1.54751078776106	1.70415479290313	1.86768887969742	2.00268099968792	2.14073537819052	2.28185201520521	2.426030910732	2.5155200255865	2.60294082528625	2.68829330983123	2.77157747922147	2.85279333345695	2.93194087253767	3.00902009646364	3.08403100523485	3.15697359885131	3.22784787731301
LAO	1.735146624	2.08428173306262	2.49281876688139	2.94487407617899	3.43455985944961	3.92838323005883	4.45514222503109	4.9142660886083	5.39396127795743	5.89422779307847	6.41506563397143	6.8266381540588	7.245969969938	7.67306108160905	8.10791148907194	8.55052119232667	9.00089019137324	9.45901848621164	9.92490607684189	10.398552963264	10.8799591454779
KHM	3.655794176	4.52452246117164	5.51629905513976	6.67328983672042	7.94005676199988	9.26439330718241	10.6901526341909	12.0839094241437	13.5606848995588	15.1204790604361	16.7632919067757	18.0114295369938	19.2909419400625	20.601829115982	21.9440910647522	23.3177277863731	24.7227392808447	26.1591255481671	27.6268865883402	29.1260224013641	30.6565329872386
USA	9764.800036864	10330.1565344336	10895.7146209249	11434.4167965604	11977.9068010494	12452.1290312085	12930.4145991561	13314.7244062405	13702.1477201227	14092.6845408027	14486.3348682804	14656.8626827715	14828.3538274779	15000.8083023997	15174.2261075367	15348.6072428892	15523.9517084569	15700.2595042401	15877.5306302385	16055.7650864523	16234.9628728814
o_W-OECD	10.2163913946753	10.639870420276	10.8269868945582	10.9748649144891	11.1229845187339	11.1921095336034	11.2613380846075	11.2016870612096	11.1419152456548	11.082022637943	11.0220092380742	10.9146581086688	10.8071043517493	10.6993479673156	10.5913889553678	10.4832273159058	10.3748630489296	10.2662961544393	10.1575266324349	10.0485544829163	9.93937970588352
TUR	199.267319808	275.886612390407	360.389325286722	449.98678374308	546.756549682305	643.600695661737	745.929295241669	839.646724650763	936.140669410282	1035.41112952023	1137.4581049806	1212.97878283122	1287.20913304503	1360.14915562202	1431.7988505622	1502.15821786557	1571.22725753212	1639.00596956185	1705.49435395477	1770.69241071087	1834.60013983016
SWE	239.567683584	241.020874237143	243.250851669429	245.36508380916	247.336903155314	248.53435701004	249.60676548504	249.011519517478	248.334820378955	247.576668069471	246.737062589027	241.453508227305	236.219164157247	231.034030378852	225.898106892121	220.811393697053	215.773890793649	210.785598181909	205.846515861832	200.956643833418	196.115982096668
PRT	106.456604672	114.674067176449	121.99922819189	127.563997084506	133.160156153931	137.197529796596	141.1465280184	144.114258135636	146.931073941294	149.596975435374	152.111962617878	153.991020920041	155.68936810006	157.207004157936	158.543929093668	159.700142907256	160.6756455987	161.470437168	162.084517615157	162.51788694017	162.770545143039
NOR	166.906200064	168.513950135943	169.723121847365	170.717053977469	171.459421035818	171.835063095014	171.965129727021	170.227662444053	168.33360873887	166.282968611473	164.07574206186	157.880150975402	151.764116632746	145.727639033894	139.770718178845	133.893354067598	128.095546700155	122.377296076515	116.738602196677	111.179465060643	105.699884668411
NLD	370.638487552	377.423106529646	378.798556909488	379.092450683898	379.344966674154	380.938229366616	382.470387656897	380.241922130174	378.005918790058	375.76237763655	373.51129866965	368.540702552783	363.603007337163	358.698213022791	353.826319609667	348.987327097791	344.181235487162	339.408044777781	334.667754969648	329.960366062762	325.285878057124
MLT	3.806709248	4.15089391325608	4.44458886781628	4.74084532903005	5.0448132893456	5.31324540246382	5.58579031510298	5.78883281230888	5.99033300969442	6.19029090725961	6.38870650500443	6.56599817657339	6.74044362718033	6.91204285682525	7.08079586550817	7.24670265322907	7.40976321998797	7.56997756578485	7.72734569061972	7.88186759449258	8.03354327740343
LUX	19.603832832	19.9345328921988	20.4699335500072	21.0025864405268	21.4670609306321	22.0180049921735	22.4908537950586	22.8403788662848	23.1149076970555	23.3144402873704	23.4389766372298	22.5282371779636	21.6187477137482	20.7105082445835	19.8035187704696	18.8977792914064	17.9932898073941	17.0900503184324	16.1880608245216	15.2873213256615	14.3878318218522
ITA	1074.76320256	1096.75385812594	1108.21858351837	1108.40350256734	1108.55742074405	1102.4994292606	1096.36361192147	1086.58648050883	1076.70473014324	1066.71836082471	1056.62737255322	1034.39537713335	1011.96960448429	989.350054606044	966.536727498604	943.529623161974	920.328741596154	896.934082801145	873.345646776945	849.563433523556	825.587443040977
ISL	8.407626752	8.71061550760847	8.91202012814586	9.05893799509458	9.19551074109453	9.23936659855092	9.27583308390104	9.17916816745375	9.0797938145675	8.97771002524229	8.87291679947812	8.61896194757273	8.36818676487669	8.12059125139001	7.8761754071127	7.63493923204474	7.39688272618615	7.16200588953691	6.93030872209704	6.70179122386653	6.47645339484537
IRL	94.955773952	102.404087070394	110.763284025159	116.064020331485	121.235304996816	124.983387852499	128.628692467694	131.380748931999	134.046667442372	136.626447998812	139.120090601321	136.299704001644	133.508069613764	130.745187437681	128.011057473395	125.305679720906	122.629054180213	119.981180851317	117.362059734217	114.771690828915	112.210074135409
GRC	112.125485056	118.870089145794	125.625820328998	131.49499229929	137.393226013602	142.344215004616	147.248409662037	151.487493685111	155.635205614695	159.691545450791	163.656513193399	165.028634662039	166.151766288802	167.025908073687	167.651060016694	168.027222117823	168.154394377074	168.032576794448	167.661769369943	167.04197210356	166.1731849953
GBR	1438.282678272	1458.77918582944	1476.15514008699	1492.64304884798	1508.58190968236	1519.45519614207	1529.8638868006	1530.05627290931	1529.96987971507	1529.60470721787	1528.96075541771	1509.86711299875	1490.85465160118	1471.92337122498	1453.07327187016	1434.30435353672	1415.61661622466	1397.01005993398	1378.48468466468	1360.04049041675	1341.6774771902
FRA	1327.96383232	1361.21575516629	1387.64677455832	1405.83560755681	1423.74988913403	1435.51344010126	1447.06616210823	1448.17143294398	1449.17809978569	1450.08616263334	1450.89562148695	1433.69394678732	1416.5944470024	1399.59712213218	1382.70197217667	1365.90899713586	1349.21819700975	1332.62957179835	1316.14312150165	1299.75884611965	1283.47674565236
FIN	119.905107968	120.714170396014	121.661539614059	122.096986340774	122.515240782702	122.065438651343	121.610215529284	120.161429008637	118.721083744934	117.289179738178	115.865716988367	114.23463596984	112.615114715954	111.007153226708	109.410751502102	107.825909542136	106.252627346811	104.690904916127	103.140742250082	101.602139348678	100.075096211915
ESP	580.673470464	638.625265727082	676.510353316511	699.43074238319	722.727743144886	737.68791368833	752.714843372926	764.71190159745	776.669383200321	788.58728818154	800.465616541105	795.638075067982	790.235429259568	784.257679115865	777.704824636872	770.576865822589	762.873802673016	754.595635188153	745.742363368	736.313987212558	726.310506721826
DNK	158.225924096	158.060379621872	157.070019570189	155.447453342558	153.79084187349	151.922991650384	150.027329821598	146.854534210184	143.699480485152	140.562168646503	137.442598694237	133.84349057058	130.281682739468	126.757175200901	123.26996795488	119.820061001403	116.407454340472	113.032147972085	109.694141896244	106.393436112947	103.130030622196
DEU	1900.221169664	1895.66536162024	1876.65173347211	1850.59513787204	1824.72025890401	1792.22706490298	1760.00750234208	1719.06234056094	1678.51411793453	1638.36283446284	1598.60849014588	1575.23982756145	1552.0428531348	1529.01756686594	1506.16396875485	1483.48205880155	1460.97183700604	1438.6333033683	1416.46645788835	1394.47130056617	1372.64783140179
CYP	9.147165696	10.081431683305	11.0079264435518	11.9796515161201	12.9905773366059	13.9582328101193	14.9600308705286	15.8683246862962	16.8033846041365	17.7652106240496	18.7538027460354	19.0258267100374	19.2861111472961	19.5346560578115	19.7714614415837	19.9965272986125	20.2098536288982	20.4114404324405	20.6012877092395	20.7793954592953	20.9457636826078
CHE	246.04925952	246.377494959916	245.898471331372	244.983433364124	243.881280736538	242.515951489172	240.966959881475	237.767590792817	234.454295803953	231.027074914884	227.485928125611	217.912255868042	208.535635000368	199.356065522588	190.373547434703	181.588080736713	172.999665428617	164.608301510415	156.413988982108	148.416727843696	140.616518095178
CAN	714.458267648	746.104298624408	774.923186259179	801.829953419132	828.281157719874	850.69165077783	872.697823766452	886.628110467438	900.265317324762	913.609444338422	926.66049150842	913.083375126373	899.606451410394	886.229720360484	872.953181976644	859.776836258873	846.700683207171	833.724722821539	820.848955101975	808.073380048481	795.397997661056
BEL	228.417175552	231.793805060868	233.326255216154	233.881177979571	234.417135922539	234.213940818538	233.999507302418	231.998078266726	230.004668306346	228.019277421281	226.041905611528	223.304801779816	220.58422761433	217.880183115069	215.192668282035	212.521683115226	209.867227614642	207.229301780285	204.607905612153	202.003039110247	199.414702274567
AUT	193.838219264	196.575746681336	198.514975614065	198.449225672002	198.358004193292	197.495741240622	196.620455246659	194.158754809046	191.710747716323	189.276433968489	186.855813565545	182.272221939435	177.740582996359	173.260896736317	168.833163159309	164.457382265336	160.133554054396	155.861678526491	151.64175568162	147.473785519783	143.35776804098
o_SEA3	19.1742923879137	23.2069116970191	28.1690560627048	33.124918983224	38.0930163653042	43.8432627924406	49.6076531524586	55.7716331138206	61.9507105899655	68.1448855808932	74.3541580866037	76.6666266436034	78.9845624297029	81.3079654449022	83.6368356892014	85.9711731626005	88.3109778650995	90.6562497966982	93.0069889573969	95.3631953471953	97.7248689660937
o_SEA2	43.0503597768341	45.3015372768891	47.5199981499559	49.5748694705341	51.6366921618243	53.3462724828777	55.0615417641824	55.9286173745712	56.7983914278859	57.6708639241264	58.5460348632926	58.2751174098038	58.0029030368692	57.7293917444889	57.4545835326628	57.178478401391	56.9010763506734	56.6223773805101	56.342381490901	56.0610886818462	55.7784989533456
o_SEA1	0.57358756996379	0.61793331291909	0.659038657567993	0.696402184776958	0.732916840767516	0.766913003615974	0.800093368150637	0.820456574898262	0.840246517965922	0.85946319735362	0.878106613061353	0.867894108196103	0.857703976241393	0.847536217197224	0.837390831063595	0.827267817840506	0.817167177527958	0.807088910125951	0.797033015634484	0.786999494053557	0.776988345383171
WSM	0.230901296	0.236750330575136	0.243618443976997	0.247699098018443	0.251565665857898	0.255825809751305	0.259854026925889	0.255392813034128	0.250949439659198	0.246523906801101	0.242116214459837	0.242126763434146	0.242013482364456	0.241776371250768	0.24141543009308	0.240930658891394	0.240322057645709	0.239589626356025	0.238733365022343	0.237753273644661	0.236649352222981
VUT	0.24455968	0.273089611163498	0.304530580495407	0.335021119364149	0.364561227769724	0.393752053886004	0.421975477566559	0.444558089200869	0.466309074179908	0.487228432503676	0.507316164172172	0.504894130212425	0.502309134103312	0.499561175844833	0.496650255436988	0.493576372879777	0.4903395281732	0.486939721317257	0.483376952311948	0.479651221157272	0.475762527853231
TON	0.153462048	0.151967785861047	0.153419935500933	0.154686618389045	0.155767834525384	0.157369275729364	0.158754339056275	0.157898682423762	0.156919381290066	0.155816435655188	0.154589845519128	0.150911373646388	0.147226668874614	0.143535731203804	0.139838560633959	0.13613515716508	0.132425520797165	0.128709651530215	0.124987549364231	0.121259214299211	0.117524646335156
THA	122.725244928	124.065720214483	124.743089995541	123.90866462067	122.920209816706	120.341950894027	117.69767167853	113.218069681427	108.787982903939	104.407411346066	100.076355007806	95.6121367603951	91.2111544867091	86.8734081867481	82.5988978605119	78.3876235080007	74.2395851292143	70.1547827241529	66.1332162928164	62.1748858352048	58.2797913513181
SLB	0.299277024	0.34572953133281	0.394961084669906	0.444774250549429	0.495901506791997	0.547953957756904	0.601309170719658	0.648563001570995	0.696910019664004	0.746350224998684	0.796883617575037	0.81652584388802	0.836404442728635	0.856519414096883	0.876870757992764	0.897458474416278	0.918282563367424	0.939343024846203	0.960639858852616	0.982173065386661	1.00394264444834
SGP	91.476107264	93.8137665081397	94.5483247449407	93.1738955918088	91.3924389911728	88.026459274562	84.4018589009579	78.0594181252364	71.8130052727866	65.6626203436086	59.6082633377023	52.9883293239397	46.5985075932865	40.4387981457429	34.5092009813087	28.8097160999841	23.3403435017689	18.1010831866632	13.091935154667	8.31289940578029	3.76397594000307
PYF	3.447543296	3.56485335751687	3.61511583629081	3.63587585690046	3.63409602355973	3.55940736413463	3.4683260836547	3.30926015300845	3.14097337301886	2.96346574368593	2.77673726500966	2.52148115289541	2.26842303729443	2.01756291820671	1.76890079563226	1.52243666957108	1.27817054002316	1.03610240698851	0.796232270467129	0.558560130459014	0.323085986964166
PNG	3.419955456	3.95259638084067	4.47273919554239	4.99676148844138	5.53996573317023	6.10841753124945	6.69631661328311	7.20683693528739	7.73274652051725	8.2740453689727	8.83073348065372	9.1117453024135	9.39689113129112	9.68617096728657	9.97958481039985	10.277132660631	10.5788145179799	10.8846303824467	11.1945802540313	11.5086641327338	11.8268820185541
PHL	75.912536064	84.0282055227935	92.1847762237698	99.7453566218732	107.267875877772	113.71571909747	120.130593880027	124.259992588386	128.367543664537	132.453247108479	136.517102920212	136.374191123812	136.230299016926	136.085426599553	135.939573871692	135.792740833344	135.644927484508	135.496133825186	135.346359855376	135.195605575079	135.043870984295
PAK	73.320964096	83.7662146102351	95.6698024953275	109.514397845282	124.127874555648	138.582520503195	153.740009865687	167.615986237216	182.062939044005	197.080868286052	212.669773963357	222.855050374133	233.260848798551	243.887169236611	254.734011688314	265.80137615366	277.089262632648	288.597671125279	300.326601631552	312.276054151467	324.446028685025
NPL	5.494252032	7.07519018410607	8.88780325795022	10.9634129901766	13.2547539558453	15.7423535877044	18.4422154080459	21.1632788026687	24.0677137457175	27.1555202371921	30.4266982770928	32.7772936075969	35.1830909707408	37.6440903665244	40.1602917949478	42.731695256011	45.3583007497139	48.0401082760566	50.7771178350391	53.5693294266613	56.4167430509233
NCL	2.682347008	2.78451033203097	2.86476985597363	2.90163200938806	2.91889602588137	2.89737399818084	2.85855949672638	2.76657775279374	2.66220306933745	2.54543544635751	2.41627488385392	2.19893561546128	1.98344329190937	1.76979791319819	1.55799947932775	1.34804799029805	1.13994344610908	0.933685846760839	0.729275192253335	0.526711482586565	0.325994717760529
MYS	90.319740928	95.7899507784118	100.160610138471	103.119713088111	105.477551574432	105.89645305916	105.838742469305	103.778155040247	101.397797571611	98.6976700633976	95.6777725156056	89.8820238338044	84.0841885117244	78.2842665493656	72.482257946728	66.6781627038116	60.8719808206165	55.0637122971426	49.2533571333899	43.4409153293584	37.6263868850481
MDV	0.624333056	0.65489215166628	0.695423043926265	0.736376230442207	0.773311764423148	0.797445061349933	0.818163353621966	0.823648288316386	0.826588709738639	0.826984617888724	0.824836012766641	0.809222193998625	0.79200720088699	0.773191033431735	0.752773691632861	0.730755175490367	0.707135485004254	0.68191462017452	0.655092581001168	0.626669367484195	0.596644979623603
LKA	16.331874304	16.7587780917593	17.2309847643143	17.5930154247503	17.9574950918838	18.042276402632	18.1271327212424	17.8583226388212	17.5866360048885	17.3120728194444	17.0346330824887	16.9046245037949	16.7729729308818	16.6396783637495	16.5047408023981	16.3681602468274	16.2299366970376	16.0900701530285	15.9485606148002	15.8054080823528	15.6606125556861
KOR	511.658524672	499.669790103078	483.739795580016	462.014347494119	440.015178015108	412.011465585854	384.412341347152	348.913529360293	314.934170800174	282.474265666796	251.533813960158	225.841373712123	200.984082237274	176.961939535613	153.774945607139	131.423100451853	109.906404069753	89.2248564608411	69.3784576251162	50.3672075625786	32.1911062732282
IND	457.370894336	524.873237174852	595.710722160625	667.706042326355	743.760706280819	814.706342719072	888.88253429935	950.80393706771	1014.67212265461	1080.48709106004	1148.24884228402	1184.89970534935	1221.1465627241	1256.98941440826	1292.42826040185	1327.46310070485	1362.09393531728	1396.32076423912	1430.14358747038	1463.56240501106	1496.57721686115
IDN	165.020483584	178.123361730368	190.804571594787	201.779631363538	212.941953219235	222.455317699907	232.118353934821	238.079271924343	244.112591249305	250.218311909705	256.396433905545	257.043446705244	257.654785490859	258.23045026239	258.770441019837	259.2747577632	259.743400492478	260.176369207672	260.573663908782	260.935284595808	261.261231268749
FSM	0.2157	0.215872722550505	0.215724993773689	0.216184644762954	0.216270435870343	0.217731212173557	0.218711311485788	0.213874142909113	0.208903452946054	0.20379924159661	0.198561508860783	0.193343038627062	0.187979621632627	0.182471257877481	0.176817947361621	0.17101969008505	0.165076486047765	0.158988335249768	0.152755237691059	0.146377193371636	0.139854202291502
FJI	1.652776448	1.66027531672774	1.66488012089424	1.6495461812444	1.63231996861222	1.60963639684742	1.58528317245114	1.53084933612842	1.47663812015656	1.42264952453557	1.36888354926544	1.30735413837517	1.24666098969042	1.18680410321119	1.12778347893748	1.06959911686927	1.01225101700659	0.955739179349424	0.900063603897773	0.845224290651638	0.79122123961102
BTN	0.487539264	0.557974377372782	0.601727531026707	0.646719282401265	0.692073690558666	0.72665261003546	0.761499744424564	0.783585292418561	0.805829502755051	0.828232375434035	0.850793910455513	0.872566091162097	0.894489095250167	0.916562922719722	0.938787573570761	0.961163047803286	0.983689345417295	1.00636646641279	1.02919441078977	1.05217317854823	1.07530276968818
BGD	45.52443904	54.8064870570963	64.7583192765543	75.5359310809335	87.142719248876	99.0737572846465	111.768867594899	123.454047553316	135.700688157838	148.508789408466	161.878351305198	170.12702877065	178.408855797949	186.723832387095	195.071958538087	203.453234250926	211.867659525611	220.315234362143	228.795958760522	237.309832720747	245.856856242819
JPN	4746.06731264	4774.88506963515	4766.27494216774	4701.91959701952	4637.65177945926	4518.22701988757	4398.9692562064	4249.51729245268	4100.27606160844	3951.24556367365	3802.42579864834	3730.98884678234	3659.65113586111	3588.41266588466	3517.27343685298	3446.23344876608	3375.29270162395	3304.4511954266	3233.70893017402	3163.06590586621	3092.52212250318
NZL	52.125302784	60.1849040343339	67.9386731819358	75.7475344294855	83.9420126343842	92.0190073464148	100.421038708295	107.825624942308	115.413117104731	123.183515195564	131.136819214807	136.393415149797	141.578189554669	146.691142429425	151.732273774065	156.701583588588	161.599071872994	166.424738627283	171.178583851456	175.860607545512	180.470809709452
AUS	387.538255872	428.082810774191	467.961627189621	509.038648244591	551.819732504271	594.024158939573	637.777658395111	676.671835592419	716.707304148135	757.884064062258	800.202115334788	820.295671886021	840.211556107982	859.949768000673	879.510307564092	898.89317479824	918.098369703116	937.125892278722	955.975742525056	974.647920442119	993.142426029912
