CC	2005	2010	2015	2020	2025	2030	2035	2040	2045	2050	2055	2060	2065	2070	2075	2080	2085	2090	2095	2100
o_LA	53.2016429152568	55.7537269055931	56.3958740727168	56.9534526454687	58.338867915897	59.5642543083602	60.5032397370644	61.2067619883886	61.6892656455192	61.9645768455764	60.2182963176022	58.4918782326512	56.785711879961	55.1001726020227	53.4356219778484	51.7924080103423	50.1708653174396	48.5713153266873	46.9940664729499	45.439414398931
VEN	117.147615232	131.897553487408	142.046024686767	151.98949891345	163.764440420549	175.394239668983	187.37811823513	199.283243235994	211.091949792245	222.788824967486	218.4795099427	214.21415245687	209.992702735925	205.815099378227	201.681269686345	197.591129996552	193.544586005781	189.54153309582	185.581856654526	181.665432393857
VCT	0.335185184	0.366525021092505	0.382272569728015	0.397697694320396	0.415143995090539	0.431650845435233	0.441241042662052	0.448551949692535	0.453608680814219	0.456442901363867	0.453715285751552	0.450620646518441	0.447174332172275	0.443391473067886	0.439286979846434	0.434875542080089	0.430171627115989	0.425189479113392	0.41994311826786	0.414446340216369
URY	20.670509056	21.3840594989318	21.4559503157888	21.4826446317724	21.8562938137781	22.1555036966181	22.6066816777254	22.9803677816317	23.2815360299009	23.5149328378296	22.5863436378663	21.6831068230401	20.8048096241455	19.9510406734495	19.121390164939	18.3154500084562	17.532813977791	16.7730778528058	16.0358395556693	15.3206992812845
TTO	8.154315776	8.46946013295664	8.4906086223888	8.49428596271899	8.55081556959442	8.57798405197351	8.60836530200962	8.6050301547859	8.57132451892183	8.51036611063049	8.1038757337173	7.71155258716053	7.3330841688124	6.96816048737924	6.61647414534131	6.27772041743599	5.95159732478783	5.63780570477103	5.33604927669198	5.04603470338119
SUR	0.89159776	1.01194115917229	1.09260064202015	1.17361535900219	1.26380923152714	1.3529297692065	1.42553167186213	1.49222381428161	1.55267751053967	1.60662410243088	1.63238049682382	1.65558444227009	1.67630508596956	1.69461085159073	1.71056942537179	1.72424774318124	1.735711978516	1.74502753141485	1.75225901826427	1.75747026247407
SLV	13.134147584	15.5226952136699	17.5760763234741	19.728555732677	22.3523407404324	25.111823478846	28.0827429133966	31.1988189398278	34.4552123275839	37.8470207515984	38.6829431860279	39.4682378150302	40.2036843579189	40.8900606761159	41.5281424495337	42.118702864607	42.6625123138596	43.1603381068829	43.6129441925917	44.021090892615
PRY	7.721718784	9.84608403450656	11.8651805518942	14.0494526746225	16.6215427710592	19.3963657931972	22.4772077774573	25.7844191685692	29.3141320618789	33.0619780697521	34.8076120618449	36.5203820739565	38.1988539819662	39.8416334151301	41.4473653888662	43.0147339208925	44.5424616317063	46.0293093303688	47.4740755865418	48.8755962896997
PRI	61.04489984	62.5170898853538	61.5955465655287	60.4594219795054	59.9640254273265	59.1527670166668	58.4475683482273	57.414770956736	56.0806609614381	54.4699875422462	49.5962830701043	44.9728144033618	40.592398801751	36.4479329808409	32.5323944419585	28.8388427029983	25.3604204325018	22.0903544894154	19.0219568709594	16.148625571059
PER	53.08567552	62.1376257636032	70.2836314993679	78.8180778545728	88.8197004547175	99.2953439215452	110.435363491941	122.049844559575	134.118844039298	146.622663524684	149.594800016187	152.352779135548	154.900982555056	157.243761216545	159.385434050227	161.330286756325	163.082570648417	164.646501557406	166.026258794945	167.225984175172
PAN	11.62050048	13.2228932051932	14.3849121832828	15.5486821130599	16.9629779268918	18.3901476735331	19.8755958588175	21.3810458177339	22.9042018963395	24.4429377762168	24.2761211436322	24.1033268066118	23.9246743676551	23.7402826285252	23.5502695542698	23.3547522389607	23.1538468731233	22.9476687128284	22.7363320504136	22.5199501868045
NIC	3.936327936	5.52863519564233	7.21052599980298	9.05678091786601	11.1806636399077	13.4917760732084	15.9503100681543	18.5798958550387	21.3751802465744	24.3306975230759	26.068302603419	27.7729379240212	29.4433470646074	31.078309637419	32.6766409335843	34.237191555062	35.7588470330508	37.2405274337337	38.6811869522104	40.0798134954476
MEX	581.426413568	629.946642055503	652.734731256191	673.875547077922	700.921531850311	725.95282354672	747.809447357586	767.499194857586	785.130824764168	800.810046136513	770.575003980078	741.182633177596	712.617927518484	684.865954531932	657.911860709067	631.74087650592	606.338321130194	581.689607114989	557.780244682794	534.595845903188
LCA	0.6832	0.753083335175203	0.793158758734236	0.832191896461291	0.880100816813951	0.926747698022814	0.978029134555782	1.0282187046787	1.07731194622715	1.12530933788655	1.09919441366977	1.07341977817991	1.04798529143528	1.02289071826255	0.998135730885029	0.973719911496295	0.949642754817147	0.925903670633944	0.902501986316534	0.879436949314071
JAM	8.027264512	8.75660019284502	9.17047906151469	9.57939132098837	10.0897144162384	10.586814928125	11.034377325273	11.4532640511902	11.8437618214588	12.2062429667798	12.1681756571059	12.1227573914493	12.0702148123644	12.0107718981048	11.9446499248231	11.8720674318755	11.7932401901563	11.70838117338	11.617700532234	11.5214055713185
HTI	3.696529664	6.3500782102786	9.21614518730982	12.4043606214937	16.1743336660048	20.3465927498676	25.1485016863792	30.4227066068998	36.1654272224488	42.3713701814093	45.5643194344818	48.6415552152634	51.6037667216947	54.4516619768757	57.185967000898	59.8074249956661	62.3167955430445	64.7148538166386	67.0023898074827	69.1802075638827
HND	5.962758144	8.26419998840202	10.6840590304541	13.3739534033232	16.5269306873924	19.9967454975615	23.7952966811113	27.9212077929802	32.3706740578335	37.138971430915	39.3545210976682	41.4999725978127	43.5751158265054	45.5797653321029	47.5137597636332	49.3769613183057	51.169255189606	52.8905490165014	54.5407723342554	56.1198760273306
GUY	0.712328832	0.867496394733169	0.985124214973409	1.09544270385791	1.21626508634179	1.32935135733616	1.40317026379058	1.4562542115673	1.48704296021746	1.49423136845476	1.52523358007217	1.54856371254721	1.56455961645596	1.57355422306609	1.57587551308954	1.57184648994156	1.56178515736876	1.54600450130903	1.52481247584595	1.49851199312116
GTM	19.290566656	24.8728274972376	30.6908847927308	37.0535772954734	44.7690910545186	53.2005629752002	62.590185017897	72.8068628343712	83.8454650144015	95.6980478849715	100.198679098003	104.612787022984	108.936578489724	113.166365357924	117.298563548973	121.329692033699	125.256371778679	129.075324653671	132.783372302656	136.377434980936
ECU	15.94164224	19.8152579721158	23.5376334102754	27.5054556273543	32.0991784762853	36.9833480211819	42.1653316920114	47.6156926423582	53.3221039495639	59.2724914403269	61.5373001605882	63.6609657795345	65.6466073807285	67.4973189119085	69.2161683593529	70.8061969665161	72.2704184961009	73.6118185347136	74.8333538392245	75.9379517239397
DOM	19.703281664	23.2579389017385	26.2345105868497	29.3467197207626	33.0058643685219	36.8342482071889	40.8065663556116	44.9379130643458	49.2214263995686	53.6503458355116	54.3437197471675	54.9569576246892	55.4923425233182	55.9521324154543	56.3385597633688	56.653831123444	56.9001267811838	57.0796004162362	57.1943787966543	57.2465615016236
CRI	15.946326016	17.9902387384652	19.3898965336372	20.7848702434694	22.4698631134632	24.1580076431429	25.9094198732644	27.6692660467178	29.4354709708673	31.2061518714699	30.8020607749514	30.3942669668234	29.982996033391	29.5684698667235	29.150906654638	28.7305208736389	28.307523284711	27.8821209318683	27.4545171433573	27.0249115354169
COL	83.778625536	99.1180613075601	111.831093585373	125.124805543445	140.713127958976	156.999833833856	174.088973157685	191.8157392235	210.145750092259	229.04578118822	234.899925297114	240.436729895785	245.66032086642	250.574828520515	255.184385508741	259.493124794317	263.505177689619	267.22467195563	270.655729963822	273.802466919951
CHL	75.775148032	82.2946044917009	85.7830057461533	89.1214632718625	93.4358318942925	97.5590102441234	101.701955868145	105.639746540187	109.379583484099	112.928717556658	110.434202077782	107.974359760993	105.54896126055	103.157772071761	100.800552777285	98.477059289271	96.1870430872186	93.9302514515017	91.706427692474	89.515311375097
BRA	601.732022272	676.673109576964	726.93821432667	777.482154100166	837.992926699712	898.848439995463	963.393082095118	1028.32973988828	1093.59492448314	1159.13048742111	1147.58447200374	1135.55322214691	1123.05861676887	1110.12221287103	1096.76524360312	1083.00861661964	1068.87291271872	1054.37838475457	1039.54495681431	1024.39222365046
BOL	8.397858304	11.418821522402	14.4217815286034	17.7117894726199	21.5569635764755	25.7438388390485	30.3386416915562	35.289915103696	40.5910273097578	46.2346175343672	49.017787104303	51.7243557459342	54.3534531341718	56.9042494100656	59.3759545251256	61.7678175776914	64.0791261422972	66.30920559295	68.4574184212114	70.5231635499371
BLZ	0.832	0.978697053121838	1.0967580754335	1.21756876928897	1.35781900553297	1.5023563546155	1.65813428769531	1.81952845388785	1.98626299895804	2.15806931357232	2.15786041975104	2.15641336619924	2.15375525375757	2.14991296827393	2.14491317333961	2.13878230341043	2.13154655730593	2.12323189207899	2.11386401724864	2.10346838938804
BHS	4.88	5.16643337711643	5.24760536371126	5.29851299778751	5.38846438295818	5.44362460032284	5.49038496025361	5.50301624028126	5.48228405780638	5.42900954352702	4.99716408241372	4.5824188765358	4.18439832687199	3.8027298312964	3.43704388479461	3.08697417434474	2.75215766856318	2.43223470221753	2.12684905571152	1.83564802964908
ARG	284.20374528	302.954334834503	310.472741069306	316.917367623067	326.866017596361	335.50482215621	345.583398893641	354.388529501703	361.948742263116	368.294641062828	351.3343943279	334.858056071236	318.858091421887	303.326985002009	288.257244013398	273.641401211653	259.472017769095	245.741686027684	232.443032143249	219.568718622435
o_AFRICA	6.34954843025062	8.15643493406584	8.85589097490391	9.47206404979657	11.4429768586746	13.3852742309399	15.4255240953544	17.4110794056369	19.3337768207943	21.1900425051274	22.7119510221854	24.2158315020257	25.6998149183718	27.1626359816364	28.6035209744211	30.0220912914349	31.4182816391245	32.7922714883039	34.1444282274313	35.4752604595179
LBY	34.495012864	39.7272673927325	38.3235833730639	36.6832054523858	39.0523441847979	40.4545380268383	41.061028539284	40.9088854837447	40.1299810304627	38.8371350137441	35.6063462590005	32.3895403765294	29.2081403837923	26.0790985651075	23.0155743620845	20.0275409595018	17.1223188585651	14.3050388478478	11.5790392478177	8.94620359754849
ZWE	7.39922432	8.77933219620395	8.91929214069531	9.03500057465164	10.3961065086879	11.6683338857144	12.9462839599737	14.1370621945697	15.248195790002	16.287596060485	16.5832975556439	16.8452130778789	17.0764049420776	17.2797513492078	17.4579304011502	17.6134141134973	17.7484696406994	17.8651655108829	17.9653811680102	18.0508185340227
ZMB	3.237720064	4.37408258282892	4.98462865756087	5.58062630771125	7.06395654321636	8.62907796386823	10.3180288891868	12.0552198651016	13.8265845988618	15.621185311805	16.7219495763391	17.8098677232111	18.8836400538112	19.9423906374316	20.9855883366358	22.0129789279982	23.0245275697446	24.0203706160441	25.0007756777035	25.9661088277653
ZAF	132.877647872	143.977514252845	131.869204191853	120.671098470587	126.080317113876	128.609325376706	129.305535988039	127.970089896074	125.077049653551	121.008655558596	113.457990391943	105.908147992088	98.4162629442011	91.02801017054	83.7792977998919	76.6977904465263	69.8042557532381	63.1137380307521	56.6365695521849	50.3792337434267
UGA	5.926505984	9.07030636605587	11.6348964350265	14.2876907716722	19.7982146496857	26.0245226416877	33.4340320915035	41.4915843275146	50.0996080445583	59.1717190753823	66.7055363185429	74.4990513218054	82.5223114143919	90.7480644326251	99.1516918380377	107.711083971925	116.406479666893	125.220286722727	134.136895152499	143.142491501176
TZA	9.079262208	13.0084558950971	15.5083259032298	18.0069179639837	23.4305756604778	29.2904936737586	35.5660465784086	42.1087245134039	48.8572939246488	55.7622240390082	59.5752786234125	63.2987378161093	66.9299289266652	70.4678539309674	73.9128277653289	77.2661750839576	80.5299794536408	83.7068784315818	86.7998980277925	89.8123204572943
TUN	19.468374016	21.8345261399333	20.7429347748931	19.6644428763095	21.0734347412877	22.0465960449757	22.4637297845112	22.5496431280586	22.3766368481766	22.0037243462433	20.8153581277945	19.6307811612103	18.45945132925	17.3088830737716	16.1849391520014	15.0920922581771	14.0336555871799	13.0119832345645	12.0286424257757	11.0845601533727
TGO	1.3291104	1.9588452689801	2.38028043615288	2.80518794092588	3.69265588826522	4.66019693583849	5.68741488796103	6.76237182578911	7.87460093943176	9.01556607795277	9.70187342124492	10.3778497731206	11.0426183271877	11.6956093250912	12.3365015269531	12.9651721062692	13.5816543461003	14.1861023432693	14.7787618666949	15.3599465258592
TCD	1.3902752	2.3011080921057	3.06286906342939	3.85884607730207	5.47466688340018	7.33088064176411	9.57039678490577	12.0353889595124	14.6951334170189	17.5217106312753	19.4898874256942	21.493212490202	23.5253594055293	25.5808226405863	27.6548412696065	29.7433215848829	31.842761899027	33.9501816207992	36.0630557981183	38.1792556874505
SWZ	1.388703232	1.54454930779531	1.45591811590848	1.37255571974204	1.47268391270355	1.54490734475191	1.61275915985031	1.65973025652302	1.6897290866884	1.70604562549299	1.6687419839347	1.62931395728744	1.58833478146911	1.54628983034097	1.50358687279689	1.46056583162326	1.41750782097712	1.37464334912751	1.3321596494056	1.29020715297132
STP	0.046484292	0.0608763136338333	0.068444228028807	0.0757768943167911	0.095819309213047	0.116943317281744	0.138702939734566	0.160910223571202	0.183402971427641	0.206058703318259	0.219316211520902	0.232338295320929	0.245115547399401	0.25764343867737	0.269921297341331	0.281951448547633	0.293738499271952	0.305288750924609	0.316609722217411	0.327709765674983
SLE	0.63378656	1.06411169396166	1.42815335747739	1.80367873439589	2.53880679524801	3.37608054094414	4.37282605058931	5.46281397673361	6.63259809809866	7.87014184357415	8.53704725724216	9.18662375842237	9.81808522446361	10.4310233778525	11.0253298638689	11.6011304326548	12.1587300940997	12.6985679601247	13.221180467962	13.7271717387685
SEN	4.384747008	5.85718019913413	6.55520165581203	7.22565549195469	8.98878689934226	10.8154672479655	12.7417229708988	14.6931776520134	16.6569811063857	18.6237742017808	19.6710618589261	20.6959336557252	21.6982395142795	22.6781444185345	23.6360532614926	24.5725487842336	25.4883410336737	26.3842267335549	27.2610570381229	28.1197122724566
SDN	12.191583232	16.3450924467718	18.3570503088351	20.3035425415748	25.2649507504665	30.4147641562495	35.7528477459784	41.1513585181041	46.5763001623218	52.0031215456248	54.7329905741492	57.3669709929499	59.9066058071141	62.354347914465	64.713303264596	66.9870235530124	69.1793414457397	71.2942416108194	73.3357614111532	75.307915829563
RWA	1.810880128	2.73015405049006	3.40874506640253	4.10206928650848	5.44886481216035	6.92699412523631	8.62327933302569	10.4283361346169	12.3226133148223	14.2895085385133	15.5107789637889	16.7267279185164	17.9350119201614	19.133824752169	20.3218113471332	21.4979916094985	22.6616940953357	23.8124990156193	24.9501897753833	26.074712144122
NGA	42.078142464	57.4030750177492	65.4605244651604	73.3300885894639	92.334855151885	112.290454648013	133.594941235569	155.403889101195	177.551204826773	199.909921746243	213.082092157515	226.040334050162	238.773677588351	251.276070997627	263.545381175465	275.582547477571	287.390874869683	298.975450492572	310.342667279949	321.499838937119
NER	1.798365184	3.07813858585158	4.27907969803321	5.56589914238121	8.23776734613581	11.3851306440277	15.6636465665694	20.5090647396176	25.85630124926	31.6432181700566	36.8852511053203	42.4112134661584	48.1949341961892	54.21187687496	60.4392611526215	66.8561014548653	73.4431864228291	80.183017569899	87.0597213812588	94.0589455665182
NAM	3.413544704	3.888272130289	3.75678790556484	3.61815446109632	3.95686113137254	4.22013009544455	4.41035217029639	4.53805688234219	4.61354725806092	4.64574667954752	4.51563034103884	4.37780399992082	4.23401794540244	4.08576974853182	3.93433172098147	3.78077754290107	3.6260072915803	3.47077043771816	3.3156866141235	3.16126412423133
MWI	1.74350656	2.87270686308394	3.78996512439318	4.73905764616537	6.56485542290849	8.62462063456633	10.9582022470515	13.4746451994721	16.144304285292	18.9414040834399	20.8818751492675	22.8340650736875	24.7928311551151	26.7539122485712	28.7138135918106	30.6697002425003	32.6193006071533	34.5608205563103	36.4928679662779	38.4143871204377
MUS	4.423849984	4.83082710464101	4.4557242384941	4.10219695698592	4.2689824385732	4.33497263729285	4.295681862082	4.18797114701848	4.02985256844041	3.83555510454534	3.54884625394974	3.26509268050342	2.98621569335221	2.71371401799901	2.44872995915165	2.19210820879325	1.94444726711154	1.70614381354967	1.47743057933634	1.25840837784344
MRT	1.080830464	1.45281186910622	1.62940765490798	1.79938597277475	2.24352287494733	2.70477793639352	3.18750002572612	3.67678926681559	4.16941025045075	4.66299907539777	4.99321042727275	5.32240479326917	5.65009323604583	5.97589772605825	6.2995334686244	6.62079325211987	6.93953380672335	7.25566406902788	7.56913519444472	7.8799321343131
MOZ	3.777704704	5.54541060728549	6.6540772791945	7.74972645680075	10.110359854936	12.6559023207166	15.4413784217814	18.3484832661293	21.3486114216804	24.4187304303242	26.2693537651299	28.07861261334	29.8446139711535	31.5663700681029	33.2436118762465	34.876631561733	36.466151179678	38.0132145429351	39.5190991433208	40.9852451477648
MLI	2.422469632	3.65328544614615	4.59818534426691	5.56773944520039	7.61147850471771	9.9012509706058	12.6002122683236	15.5176686560262	18.6192782125814	21.8749583874614	24.4461052140683	27.0899898622812	29.7972530717102	32.5594863203929	35.3691843977954	38.2196846421221	41.1050991879055	44.0202447832867	46.9605733333704	49.9221052540903
MDG	3.877620992	5.7470900529194	7.02808279006736	8.32357169083978	11.0349741231954	14.0075815332387	17.341057496249	20.8731474712605	24.5666045500812	28.3900884141959	31.1228350219859	33.8835335285007	36.6649008972174	39.460758168625	42.265903175122	45.075989043587	47.8874113890783	50.6972057082769	53.5029555079119	56.3027110535493
MAR	33.3340672	38.3827898326135	37.5816117189966	36.7136294199293	40.5220474293914	43.6769264376067	45.9602063885687	47.6791394632783	48.9334358278274	49.8080891369748	48.9858212164707	48.0967554256815	47.1566157746409	46.1788245838909	45.1747569448396	44.1539863238107	43.1245145831717	42.0929827033306	41.0648606175695	40.0446160162008
LSO	0.859322752	1.0289016883623	1.0440588240816	1.05622273528166	1.21030799210586	1.35268108695733	1.48788944930029	1.61067925377788	1.72225080206493	1.82381593223283	1.91859976389213	2.01130257930966	2.10194000070828	2.19055097711496	2.27719168177468	2.36193053747887	2.44484422004302	2.52601449283571	2.60552573570131	2.68346304601415
LBR	0.560899968	0.962412446702286	1.27017665119616	1.59269753898665	2.26737406224199	3.04392554520246	4.03805829546465	5.14156592293346	6.34023277809773	7.62097134084731	8.45067530794987	9.29506383540248	10.1515209494016	11.0177681966993	11.8918335772159	12.772019934921	13.6568741797293	14.5451582128979	15.4358220595867	16.3279794489514
KEN	12.705273856	17.2274708747145	19.6869911360013	22.0716355330274	27.8672565655302	33.9522478474714	40.6585710710915	47.5550540066388	54.5843935259494	61.7022447643323	64.4666441979677	67.0982330729618	69.6015586198539	71.9819453582911	74.2452106596511	76.3974417840834	78.4448243863119	80.393513336889	82.2495377900826	84.0187335773936
GNQ	1.34104896	1.59175959143791	1.62287754519577	1.63014496984819	1.86552345560644	2.06242948038404	2.2484728656967	2.39458615114523	2.50242351057297	2.57442037561352	2.48391923155914	2.38473809211549	2.2780743679629	2.16499587514098	2.04644887750264	1.92326748212515	1.79618362024136	1.66583707492448	1.53278519367425	1.39751205716908
GNB	0.215455488	0.359921425758332	0.490145833743675	0.628083511320956	0.909858626025451	1.23783847113593	1.65357577463927	2.11757685466797	2.62383885758157	3.1667656000556	3.56183379139055	3.96831707274138	4.38473079530481	4.80974269150556	5.24216496297268	5.68094432261833	6.12515098872142	6.57396734549885	7.02667676259549	7.48265289667515
GMB	0.420894592	0.597644090799459	0.701833962719287	0.805207783798256	1.03937677510784	1.29072547971926	1.56471548493256	1.85008507979011	2.14420304363397	2.4449443426779	2.61212368298043	2.77620549205648	2.93704494820669	3.0945656315322	3.24874546807428	3.3996048503463	3.54719673252881	3.69159847027546	3.83290517082062	3.97122432965832
GIN	3.112362496	4.13424845527385	4.785480989178	5.42058052795117	6.96402399663115	8.60689087916285	10.4562961428252	12.3800241275273	14.3597439634218	16.3808174467232	17.4315304047853	18.4689528808078	19.4921704442183	20.5006208779641	21.4940251998922	22.4723288897743	23.4356524933716	24.3842505971053	25.3184781141161	26.2387628489734
GHA	4.977585664	7.04787797891285	8.25839793173205	9.45064226106681	12.0943079194217	14.9043963356199	17.8514639176747	20.8776059056724	23.9573930977807	27.0713249292007	28.9875734337195	30.8606817856554	32.6890549677104	34.4719660576098	36.2093729514513	37.9017641492161	39.5500307397028	41.155361408753	42.7191572850546	44.2429636123719
GAB	4.931781632	5.56845239662307	5.34454789186018	5.09965710908461	5.50631649759539	5.78442575315467	5.93833434764323	5.98782673552672	5.94974441495451	5.83874830883713	5.49235625053558	5.1356129295459	4.77154246709709	4.40269458308597	4.03120140791136	3.65883118291818	3.28703773299765	2.91700517426695	2.5496877187393	2.185844699659
ETH	6.527844352	12.5548325450663	17.91716552172	23.5100576934624	33.5270278795587	44.9592321582817	58.0368250628734	72.240548231572	87.3931321939719	103.339351576157	115.337038448135	127.490046945073	139.761085677832	152.118361373689	164.534965621219	176.988284366728	189.459445895191	201.932815888678	214.395543120758	226.8371559395
ERI	0.6335792	1.06169062437233	1.40447524992189	1.76169329203168	2.41287068631392	3.14162113693081	3.98272612304629	4.88867430644063	5.84888648705565	6.85417828456701	7.51755035627095	8.18115381880312	8.84343152179738	9.50313541050615	10.159281188888	10.8111074615191	11.4580395670971	12.0996580171584	12.73567126926	13.3658924618891
EGY	102.216351744	119.783457999152	118.580538473676	116.782742684999	129.907362752854	140.828981534947	149.355154595322	155.933256174717	160.842060394237	164.331616287837	160.290079928913	156.028941763041	151.605883455548	147.069819783491	142.461912340575	137.816536400909	133.162178072427	128.522249918262	123.915820926155	119.358261841398
DZA	53.454692352	61.5522241754548	60.1420201193619	58.5096610533093	64.0076514363931	68.2996116274987	71.0291356870048	72.7609708581173	73.6737146379879	73.9191636740008	70.874936793988	67.7907030647946	64.6958320094868	61.6143164245117	58.5655150446736	55.5648308430724	52.6243184216074	49.7532195841398	46.9584298091535	44.2449004916123
DJI	0.552928512	0.671818966141001	0.69238574898231	0.709510625459502	0.834849784371499	0.954977719237488	1.06889281312253	1.17599211992823	1.27660256005988	1.37116937059317	1.41408649341415	1.45489026343996	1.49373506002355	1.53077119488943	1.56614281254062	1.59998652608477	1.6324306189225	1.66359467206297	1.69358950375011	1.7225173316409
CPV	0.531386016	0.645700746494402	0.663099042860139	0.675024097715334	0.777560136197207	0.870697162613927	0.953077450159971	1.02567254582796	1.08933502446903	1.1449580024453	1.13280594218741	1.11893799362117	1.10369200168299	1.08735992577281	1.07019242165881	1.05240339145903	1.03417433723876	1.01565841839862	0.996984159914219	0.978258791330493
COM	0.203846592	0.28765966294896	0.336490707629244	0.384832602482394	0.494790153970651	0.612419080486219	0.73932153878109	0.870981564049357	1.00622572693943	1.14411698371265	1.23101793843851	1.31724006981047	1.40265190762815	1.48715695734386	1.57068766922808	1.65320017971302	1.73466979328019	1.81508714788881	1.89445499426152	1.97278551522569
COG	3.21989376	3.91984878274975	4.07117876153568	4.18930556024335	4.90195780806136	5.5698189060929	6.23275262991561	6.84608868528208	7.41139361995326	7.93136911079337	8.18424005207979	8.42081921678249	8.64211475833716	8.84913993443982	9.04289153844346	9.22433453868575	9.3943916415786	9.55393668537469	9.70379095760623	9.84472169905773
COD	4.304347648	9.00465165058035	13.6786711092748	18.7471421300487	28.1807455811849	39.3695495038518	53.2064444708109	68.7616155534653	85.8314770471964	104.223504180754	116.997831443011	130.007482042304	143.209268446554	156.565665653573	170.04427587668	183.617288296417	197.260956036521	210.95510426234	224.682677240258	238.429327895644
CMR	8.879292416	11.223291351487	11.9500748676714	12.6173957296206	15.0796675319461	17.5140293771847	19.9734596957973	22.3683792214324	24.6951841942414	26.953650994836	27.8592023309756	28.7166901541865	29.5290946488476	30.2994098634075	31.0305802556626	31.7254555348437	32.3867600112447	33.0170732289986	33.6188192072786	34.1942621167224
CIV	10.4252928	12.936414443216	13.6751741418221	14.339650034501	17.022508886925	19.6444275857583	22.2558891314268	24.7706842920191	27.1885748432848	29.5126456534693	30.3574724843575	31.1510428684081	31.8972179659546	32.5997368564727	33.2621690743174	33.8878846349881	34.4800374248094	35.0415585605442	35.5751569920927	36.0833252003473
CAF	0.952835776	1.3310085336536	1.54701576024602	1.75879316697918	2.23445098037932	2.7365939255976	3.27294413208154	3.82312751300389	4.38260205961203	4.94789444880059	5.31166462798074	5.66947469291065	6.02090964772782	6.36571343250501	6.70375784425801	7.03501604923548	7.35954031552364	7.67744351430587	7.98888391386714	8.2940528019895
BWA	5.250845696	5.88419267078227	5.5652218728369	5.24672236203475	5.61508770841319	5.85787585985492	6.03311774033481	6.10895365971579	6.10206135545905	6.02682518148061	5.66628362692325	5.30313018414761	4.94023068624952	4.57990988855007	4.2240280121827	3.87405027810722	3.5311088847119	3.1960574323721	2.86951814669194	2.55192245391754
BFA	2.600700672	3.98819569702642	5.04219344120425	6.12522329877835	8.34813235575071	10.8351662270778	13.6989789354581	16.782483788704	20.0502386272581	23.4713917875694	26.3323839448012	29.2801730166315	32.3039768684861	35.3940704914605	38.5417408315901	41.7392245628623	44.9796363278324	48.2568929120229	51.5656371895537	54.901164423234
BEN	2.254838784	3.25186007707224	3.90519732972939	4.5594661471292	5.99483955817898	7.55694291490973	9.32487687976102	11.1923041598323	13.1398140083867	15.1512083995695	16.2674939047882	17.373183573676	18.4667413339934	19.5470736390052	20.6134505986718	21.6654376362468	22.7028371114332	23.7256390544141	24.7339800179316	25.7281090236107
BDI	0.678535232	1.37557492039116	2.03932575300494	2.75857490532116	4.10812201251473	5.70227958515909	7.86538575213861	10.3271344908802	13.0548538005856	16.0168789570638	18.071347262509	20.1798843579548	22.3348562894939	24.5294714591924	26.7577253465311	29.0143373205179	31.2946843450153	33.5947349217609	35.9109854929083	38.2404006844107
AGO	9.12918016	11.8611314434959	13.1759321548484	14.3741072778429	17.9446635267566	21.5864881547071	25.6994906252294	29.8388580796956	33.9693157465623	38.0666080812667	40.5641809552629	43.0422442507579	45.4980490140448	47.9296451926291	50.3357387652301	52.7155680168302	55.0687979197876	57.3954310507261	59.6957332297469	61.9701720165906
ROW	1018.951000	1154.43855131814	1277.09827590536	1399.75800049258	1596.40477094809	1793.0515414036	1894.14837850321	1995.24521560282	2096.34205270244	2197.43888980205	2200.47691643454	2203.51494306703	2206.55296969952	2209.590996332	2212.62902296449	2215.66704959698	2218.70507622947	2221.74310286196	2224.78112949445	2227.81915612694
YUG	8.602799104	10.1104774295157	13.3377900329588	16.8535956022269	17.2106512230877	17.5542505883121	20.6558703664781	24.0836574177688	27.8589944817395	32.0039765501574	34.007277720218	35.9634887002573	37.8634804413156	39.6978316154882	41.4568168354844	43.130394299778	44.7081928304039	46.1794982682817	47.5332391886042	48.7579718963123
ROM	37.052637184	38.2928473113918	38.7680175143798	39.1773685971831	38.2804966210238	37.3408935293681	38.0558753791987	38.6815239275228	39.2089701784527	39.628935592961	38.4950487435312	37.3443198829894	36.1778220886216	34.996662811876	33.8019852638303	32.594969868214	31.37683578586	30.1488425147161	28.9122915698217	27.6685282479514
UZB	13.760374784	17.9593438732349	22.4457376488421	27.4867298004157	31.6369738035048	35.979559064452	42.0245943946953	48.6839782938596	55.9969086681858	64.0038482834048	66.1500364092714	68.0415212570461	69.6791736413155	71.063892466982	72.1966058614655	73.078272362112	73.7098821619732	74.0924584173339	74.2270586205867	74.1147760422966
UKR	31.261528064	35.0332581280607	38.118146005156	41.0034912740064	42.3888530816199	43.4338155596477	46.5577655825115	49.511535833102	52.2546369345173	54.7441196419637	55.2286991523536	55.4772624884769	55.4975425176971	55.2975199092034	54.8854331217896	54.269788878633	53.4593731570036	52.4632627226799	51.2908372408328	49.9517919972698
TKM	2.852720128	3.61612341512912	4.41676414957136	5.30849503143604	6.0266021439924	6.77471524091752	7.83205820924579	8.99176924605313	10.2601304214986	11.6436168107112	12.0326654763142	12.3824295591697	12.6925787118275	12.9627720407609	13.1926576813038	13.3818723518617	13.5300408862075	13.6367757425962	13.7016764883458	13.7243292584421
TJK	0.980013504	1.86907207747949	2.9483301904031	4.22399519560273	5.48980251814625	6.86387674743032	8.60163792483343	10.5630382670686	12.7649134927971	15.224742486119	16.2171995562333	17.1271077624424	17.9541766869412	18.6981066794696	19.3585884851977	19.9353028544652	20.4279201333371	20.8360998338649	21.1594901828701	21.3977276479876
SVN	19.067131904	19.1069689054367	18.6285724468899	18.1069184687817	16.8767782589065	15.6784031760815	15.1602628110864	14.5917860363481	13.9749763418452	13.3121048564665	11.862098847542	10.5028909244537	9.23259669211209	8.04927134251052	6.95090721975081	5.93543126634035	5.00070234395151	4.1445084213841	3.36456362198773	2.65850512228068
SVK	20.218161152	20.6559467948909	20.6367996236423	20.5849917320162	19.7138535154249	18.8532108778231	18.7369186408173	18.5780572203676	18.3768738781672	18.1337391968629	16.8999505666994	15.7169463247682	14.5841379537392	13.5009180504928	12.4666595649174	11.4807150015911	10.5424155822186	9.65107036655433	8.80596532939072	8.00636239102932
RUS	259.708502016	266.705303381855	268.345179509725	269.474133361807	262.039397972965	254.365034927105	260.203991268246	265.621522654541	270.57420538	275.016570923875	265.513799103198	255.978529130404	246.419198303324	236.844514112968	227.263465133796	217.685332444984	208.119701613158	198.576475269048	189.065886312701	179.598511784206
POL	166.548471808	167.847724956551	165.590687977777	163.047351085024	153.891912552575	144.952935122563	141.85790856286	138.368866274759	134.498657995129	130.262026767317	120.323549460636	110.846704180287	101.825020187608	93.2518191733653	85.1202068915025	77.4230643849618	70.1530387801702	63.3025336252554	56.8636987453836	50.8284195868286
MKD	3.586884096	3.79731491611373	3.92151467403772	4.0451935120746	4.01004887410081	3.97166191004383	4.08685033728621	4.19774744174043	4.30377149061587	4.40430999393984	4.30195278631351	4.19746560451732	4.09088575231215	3.98225172967124	3.87160328099419	3.75898144567176	3.64442861113655	3.52798856854304	3.4097065712304	3.28962939613176
MDA	1.288420224	1.65084892723985	2.03248413401251	2.41714568562197	2.70093569295322	2.96078788267629	3.33746149949696	3.71171138466479	4.08054558866355	4.44076517981684	4.58347211731078	4.69829934511862	4.78604956793497	4.84755121608208	4.88365948239453	4.8952574096619	4.88325703152918	4.84860056994609	4.79226169246248	4.71524683288878
LVA	7.725804032	7.70565743301787	7.56076176533403	7.40354905423375	7.01329288576395	6.63118262304654	6.59410648711872	6.54190676997902	6.47461450646551	6.39230049934332	5.96991694282236	5.56456527265273	5.17604604140195	4.80415340142335	4.44867484689189	4.1093909432616	3.78607504342347	3.47849298979467	3.18640280151876	2.90955434590145
LTU	11.381475328	11.3514903314156	11.1661131232582	10.9628069902122	10.4178369549106	9.88318559551594	9.82999182061325	9.75427513913507	9.65606529036221	9.53545006505243	9.05894900677691	8.59391265575849	8.14037203001869	7.6983591315042	7.26790698574406	6.84904968344054	6.44182242410448	6.04626156185357	5.66240465349945	5.29029050905827
KGZ	1.369691904	2.07225525757474	2.83194527345457	3.68250768396402	4.42505319180355	5.19199526492197	6.2025573471295	7.30459119539024	8.50287584949633	9.80230341155022	10.3418330461613	10.8336006394867	11.2774619727089	11.6732682477421	12.0208659026649	12.3200964181522	12.5707961143929	12.7727959379406	12.9259212379123	13.0299915309075
KAZ	18.291990528	20.5790040821166	22.6001910392738	24.7385680382951	25.8352464262374	26.9285590314239	29.2383310149902	31.6844586893156	34.271859708684	37.005463191316	36.6698898176337	36.2666648307371	35.7973740184388	35.2636540011482	34.6671942807058	34.009739389118	33.2930911429218	32.5191110092867	31.6897225903711	30.8069142328829
HUN	46.680600576	46.6521214378793	45.7093939975636	44.6880351697633	42.2942925226029	39.9500656798707	39.5997362592472	39.1524081748718	38.608618416723	37.9691830942852	35.0756956568326	32.3128948722737	29.6791517709113	27.1727851166732	24.7920593004862	22.5351821309327	20.4003025162971	18.3855080317233	16.4888223647829	14.7082026323059
HRV	18.42722816	18.6746634887855	18.3299130446939	17.9549574923027	16.991970767745	16.0501879267689	15.8716772698031	15.6541437822995	15.3981420123165	15.1043628978852	14.1640366630769	13.2550016693124	12.3771705934161	11.5304532907251	10.7147566813663	9.92998463098916	9.17603782563485	8.45281364040367	7.76020600155849	7.09810524167859
GEO	3.057455616	3.40909789355821	3.74002139789688	4.06185453897442	4.24250998657819	4.39787335444478	4.71921968102385	5.0263463933171	5.31552403889047	5.5827929735859	5.63419178501258	5.66247249971414	5.66834863763012	5.65255658472567	5.61585651461836	5.55903335514325	5.48289780243326	5.38828738526273	5.2760675825847	5.14713299738961
EST	5.473040384	5.47358623354656	5.38096922084684	5.27944390366836	5.00493911736651	4.73609255899764	4.72553358224787	4.70480112421758	4.6738582424849	4.63269062987487	4.29469093322054	3.97172634875186	3.6635983668245	3.37010210922628	3.09102607248843	2.82615185868092	2.57525389297389	2.33809912719994	2.1144467286011	1.90404775288928
CZE	55.707480064	56.1821012477206	55.3561666899831	54.4208073160343	51.4311149287538	48.4995355429401	47.7399692708344	46.8496182748501	45.8303971253682	44.6846814899433	40.8079279107838	37.1329020724677	33.656318914343	30.3747880228952	27.2848093854424	24.3827689367835	21.6649338869225	19.1274478172124	16.766325531412	14.5774476472487
BLR	12.736856064	13.3649890068823	13.7407070837168	14.0863017010709	13.9436487489613	13.7645398619019	14.2203297419679	14.6393526138142	15.016046697811	15.3445455716021	15.0307853006581	14.6930208385149	14.3323642378122	13.9499631791662	13.5470024071736	13.1247052364329	12.6843351316025	12.2271973657728	11.7546407617214	11.2680595209234
BIH	4.527084032	4.96757244193631	5.23756489385994	5.50655100582608	5.56182424437537	5.60334332767632	5.87853107192847	6.14678770005829	6.40613848342745	6.6544853225305	6.55986967032607	6.45143048744445	6.32971418996811	6.19528470171859	6.0487241599147	5.89063365523838	5.7216340082815	5.54236658447737	5.35349414976094	5.15570176935235
BGR	12.60700672	12.8973911802313	12.9018636796212	12.8678394239761	12.3930848597939	11.8970711320702	12.0043735370639	12.0640748362453	12.0718077117914	12.0230121445062	11.6356530635193	11.2419958408341	10.842632735124	10.4381749746086	10.0292535216311	9.61651987451551	9.2006469088422	8.78232976042203	8.36228675239932	7.94126036907894
AZE	5.27261696	6.42499954768001	7.5891420649084	8.85513999744928	9.76585488288494	10.6872271729456	11.9972480740835	13.3872484572306	14.8591505077311	16.4148146299073	16.9059158787935	17.3428933191927	17.725435576652	18.0532213501904	18.3259190122079	18.5431861888851	18.7046693199563	18.8100031966629	18.8588104766138	18.8507011741967
ARM	1.911584896	2.21948119663159	2.51428801316052	2.81725277269706	2.99759483494905	3.16450206329238	3.45029893814703	3.73510808903873	4.0170238179621	4.29400721037905	4.31157807446875	4.30804820196414	4.28429213442449	4.24121243379975	4.17974081180652	4.10083931437187	4.00550156430332	3.894754065552	3.76965757266026	3.6313085292265
ALB	3.694329856	4.13728099136046	4.54443279247063	4.97504965297659	5.20771976597871	5.44000090413309	5.87318040591331	6.32773705380703	6.8041178427392	7.30274850100526	7.28147661327684	7.24662798057153	7.19834131180703	7.13675976843568	7.0620311439064	6.97430805187724	6.87374812368018	6.76051421557337	6.63477462635142	6.49670332592271
o_ME	2.20644812605863	2.51477676107609	2.84389686666483	3.1757783176255	3.71134443362118	4.24686845269052	4.81756719273468	5.38463157933326	5.948019695869	6.50773910718465	6.42417991771465	6.33498738584667	6.24094802531391	6.14279993171424	6.04123061653506	5.93687602781245	5.83032056569599	5.72209791099373	5.61269249904648	5.5025414882679
ISR	115.48721152	124.498231474373	128.078370986086	130.579715778007	141.771525218951	150.767194099296	158.031566036174	163.179700700859	166.452790185763	168.060730945104	156.536802450209	145.378002023873	134.597830143884	124.205670376982	114.207220114769	104.604916024955	95.3983454649071	86.5846373077842	78.1588275744574	70.1141969252009
IRQ	25.85710592	33.6240353661259	44.9076053285095	57.6643940431568	76.8783420913094	98.6580564184638	124.460244212954	152.986157681258	184.116111519305	217.727532484534	229.551681041127	240.772479433262	251.389408205948	261.406299106957	270.830721440479	279.673401358331	287.947681395244	295.669024873104	302.854567557808	309.522717141279
YEM	9.438454784	15.8076782285537	24.335125726482	34.4997656189507	49.9551264496793	68.3493197048614	91.8333108489858	118.904357849948	149.484185886731	183.472759797797	207.199854389887	231.282089478726	255.570812231353	279.93156946857	304.243798107405	328.400330742118	352.306760993091	375.880708273284	399.051016315342	421.756914488004
SYR	18.042793984	24.1125998654915	30.8832440559963	38.3419120269884	49.4855548853565	61.7859981898599	75.6885519821552	90.6455620424571	106.584447419024	123.437448948677	128.088883149037	132.28652796593	136.0505182725	139.401952013421	142.362521097923	144.954189866965	147.198919887634	149.118438714652	150.734049486154	152.066477737983
SAU	188.441870336	205.033529803647	224.008966965583	240.972988351268	273.072391077027	302.165688851103	329.740427141675	354.048813041848	375.199392378449	393.312091390902	373.291624326036	353.663642608628	334.472950230285	315.756517354191	297.544079728378	279.858766068917	262.717734053805	246.132799270426	230.111044895311	214.655402967723
OMN	19.867881472	21.3308196063693	23.2253492926219	24.9148916681026	28.1712624972706	31.114603742705	33.910295778147	36.3690395623285	38.5036185115842	40.327631060114	38.6017815054886	36.8758264065531	35.1568058070745	33.4509683554165	31.7638028988258	30.1000779041673	28.4638863938392	26.8586943950771	25.2873912136172	23.7523401439295
LBN	16.592371712	17.4605234247867	18.5127094080713	19.4847968819358	21.7088152018249	23.7448122359885	25.7672956908227	27.596137830115	29.2536146512835	30.7590918340875	29.5644279644704	28.3977211803904	27.2610304476376	26.1559841461648	25.0838176673704	24.0454117456827	23.0413305174623	22.0718585140871	21.1370359904478	20.236692161166
KWT	36.876283904	40.0419207915937	43.0872777362664	45.6304868691087	50.8445480636247	55.2799843714532	59.5920817200689	63.0965376980572	65.8141608109881	67.7699382944172	61.6338709850306	55.8375601087855	50.374451262021	45.2363102227385	40.4135376734076	35.8954577700397	31.6705786921985	27.7268245172227	24.0517387194761	20.6326603220088
JOR	8.460424192	10.742536032012	12.7372476397975	14.8473209595969	18.4013388736122	22.2059421585659	26.3774539603512	30.7584601132065	35.3326589884094	40.0851327515359	40.9993076791954	41.8110337234949	42.5251997094631	43.146873280861	43.6812191144985	44.133428256192	44.5086581841487	44.8119829693477	45.0483527433054	45.2225615892722
IRN	101.065834496	118.723900768607	140.005482160578	162.405375986526	196.118259352278	231.180423237633	269.886620680439	309.605882128125	350.198800681216	391.546370174966	396.486389599836	400.22719795633	402.854431471591	404.452622799259	405.104371611792	404.889676936861	403.885417291156	402.16496315069	399.797905697082	396.849885891979
BHR	7.970691072	8.40153936263993	8.86840613316379	9.24998653984941	10.1668894286133	10.9330804540601	11.6274283003595	12.1724238639018	12.5796356937512	12.8596578411726	11.8051179337945	10.8058292767561	9.86094492767465	8.96932013713209	8.12956451481812	7.34009018575813	6.5991555613699	5.90490455627481	5.25540124724338	4.64866009818759
ARE	70.591422464	77.9389009881567	83.955567517657	88.900094120407	99.1426736422518	107.756663352636	116.507768431336	123.544884591651	128.877128967602	132.530417466368	119.088783734398	106.475969707011	94.6696991002059	83.6443052209066	73.3714704074763	63.8208946852418	54.9608911518525	46.758908278825	39.1819813718402	32.1971169354947
CHN	1370.036907008	1601.66030572912	1848.88337503344	2093.34877354567	2297.11558694095	2498.54898103064	2559.5797185224	2619.63510770047	2678.70789226632	2736.79072932382	2650.81267925177	2565.72061421911	2481.47063703108	2398.02379866259	2315.3456137578	2233.40564469323	2152.17714452361	2071.63675080189	1991.76422363903	1912.54222250378
PRK	15.610058214303	18.8320923868519	22.4265590019006	26.1138684690724	29.5903440627476	33.1484286840176	34.9621483492895	36.7653526046087	38.556995829563	40.3361087149303	40.1292367081058	39.8477501497873	39.4962412964096	39.0788522818346	38.5993228894413	38.0610319107787	37.4670330276669	36.8200859964798	36.1226837839686	35.3770761975868
VNM	31.172517888	43.2524218080016	57.6957027280254	74.0760251662235	90.9669434916983	109.448805415156	123.282643153484	137.747161537218	152.846437116181	168.584651584895	172.107965239581	174.986066082337	177.256467654744	178.952873127797	180.105571300544	180.741778708417	180.885935644485	180.559962571608	179.78348231836	178.57401255803
MNG	0.946532672	1.28917751673988	1.70995445198133	2.18428924055866	2.66012222645876	3.17597015088361	3.55195899514669	3.9414664338699	4.34452565732145	4.76117643656614	4.84711387286778	4.91420349089061	4.96363712936432	4.99649173768636	5.01374169096351	5.01626946228405	5.00487489320043	4.98028326284038	4.94315232289583	4.89407843848027
LAO	1.735146624	2.54974041556331	3.57802446549257	4.78623358171481	6.08803578194649	7.54938694789753	8.7067871063854	9.93666870128772	11.239779496096	12.6168570393259	13.1862331203221	13.7143909327805	14.2019573860297	14.6493819898683	15.0569483789355	15.4247836577376	15.75286582457	16.0410294820165	16.2889699994677	16.496246257353
KHM	3.655794176	5.58094437558956	8.10042197617092	11.1142030789166	14.4626953235311	18.2724903439056	21.6062268242106	25.20914635188	29.084693342281	33.2362209866429	35.0464633206666	36.7506140655375	38.3486458699593	39.8401359949392	41.2242832041734	42.4999202165416	43.6655221625938	44.7192113884207	45.658758866675	46.4815824022969
USA	9764.800036864	10108.553991318	10360.0452095635	10611.5364278089	10873.1786715161	11134.8209152234	11119.6927548861	11104.5645945489	11089.4364342116	11074.3082738744	10932.972369912	10791.6364659496	10650.3005619872	10508.9646580248	10367.6287540624	10226.2928501	10084.9569461376	9943.6210421752	9802.2851382128	9660.94923425041
o_W-OECD	10.2163913946753	10.4343900858007	10.5667512701119	10.6943169444349	10.5991236772759	10.5017389541817	10.2548784366627	10.0093397273826	9.76513581798134	9.52227994502839	9.18213579210939	8.84360903853084	8.50673698242687	8.17155812907719	7.83811224620126	7.50644042316048	7.17658513451871	6.84859030848857	6.52250140088567	6.19836547532849
TUR	199.267319808	257.968619451479	320.801128837428	390.396223630781	455.859303148724	525.531249874486	587.943020524915	652.419905684192	718.972820891598	787.612444938171	832.781056412143	876.201517940495	917.757673271588	957.322680783589	994.757749250962	1029.91068944586	1062.61424947789	1092.68419521834	1119.91708905092	1144.08771012389
SWE	239.567683584	243.612237680942	246.364271400921	248.789148237006	246.932804967261	244.795697798003	240.205936011376	235.406837246567	230.397063730878	225.175286420399	214.469992666954	203.839278495591	193.288876710097	182.825072119574	172.454767818267	162.18556116655	152.02583116632	141.984839270227	132.072846091838	122.301247015301
PRT	106.456604672	112.314528717948	116.151240441373	120.087764113811	121.085887401847	122.079464601047	121.968183432543	121.812318883696	121.611513356327	121.36540631228	119.927158604918	118.376873690585	116.711262651651	114.926865719322	113.020037242837	110.98692871465	108.823469526476	106.525345065478	104.087971678986	101.506467935599
NOR	166.906200064	170.049375898719	172.16321206288	173.894171996765	172.794554693875	171.31947038481	167.393185416815	163.204094271932	158.750517492452	154.03078657971	144.587736273626	135.262466131435	126.062145740262	116.99458342521	108.068301002573	99.2926193838137	90.6777569192272	82.2349427559873	73.9765479620356	65.9162377594917
NLD	370.638487552	374.101184001743	374.696768818565	375.00186589198	371.407577820724	367.591524179308	359.037577939322	350.413820216683	341.719931859624	332.955605010878	319.709912314477	306.502401527666	293.337440357821	280.219856325343	267.154993449738	254.14877730154	241.207789884106	228.339356108792	215.551643997205	202.853781204042
MLT	3.806709248	4.03890262966601	4.25891915381752	4.4877928028735	4.62580842526078	4.76695839344953	4.83606617397513	4.90489846594017	4.97344808269311	5.0417074908221	5.06212858594506	5.07827888236451	5.08985161342717	5.09651106388741	5.09788911619085	5.09358129228494	5.08314220296046	5.06608029874577	5.04185179415085	5.00985360945001
LUX	19.603832832	20.4026760224979	21.1119127000909	21.7448473594716	22.158277570879	22.4697537524578	22.5696082289173	22.5655233370588	22.4567930483513	22.242712908403	20.8928158746612	19.5437631145147	18.1968249212405	16.8534269264788	15.5151699935552	14.1838530804878	12.8614995942286	11.5503878645038	10.253086497638	8.97249553476775
ITA	1074.76320256	1088.09284063831	1085.38741510361	1082.24079760022	1058.48986911485	1034.95287209501	1005.49484988529	976.371431218049	947.585458561119	919.139806921789	875.195879119812	831.9852080877	789.524719519129	747.831888399987	706.924764336466	666.821998693731	627.54287375614	589.107334156426	551.536020865747	514.850308091237
ISL	8.407626752	8.68495412438233	8.86930794046113	9.0379521491409	8.98858816133385	8.9260820661679	8.70616241294661	8.48020248031218	8.24816617047031	8.01001780272793	7.58748865658928	7.16981678611878	6.75725553903381	6.35007936945895	5.94858624855695	5.55310042222336	5.16397557610305	4.78159848048353	4.4063932028154	4.03882599448546
IRL	94.955773952	103.569543756296	108.91240656127	114.098190590424	116.337810091725	118.363020553325	119.117769868966	119.666941542318	120.009076708876	120.142715495238	114.89706885945	109.696061959843	104.541721564635	99.4362311163165	94.3819480967858	89.3814238666103	84.4374264065121	79.5529664764541	74.7313278155274	69.9761021397806
GRC	112.125485056	117.33327816624	121.300865601755	125.370075615284	126.963883929506	128.571346723538	129.300545368439	130.00598379493	130.687405345224	131.344547431944	129.181057341418	126.888194676241	124.463773234564	121.90560885936	119.211527675993	116.379375908605	113.407031571546	110.292418393963	107.033522412213	103.628411759996
GBR	1438.282678272	1464.59666809984	1483.03322393095	1499.90227966827	1490.70427212915	1480.18192279668	1454.92589570161	1428.71692815472	1401.54890723534	1373.41575823056	1319.8912346892	1266.26595520252	1212.55986333625	1158.79558155914	1104.99876142378	1051.19848633363	997.427736148763	943.723924778483	890.129524252773	836.692791675812
FRA	1327.96383232	1360.92113255669	1379.41913320064	1396.79525955562	1388.66622023318	1379.64879538707	1356.30238796637	1332.39811519987	1307.93246408515	1282.90194831769	1233.90358904321	1185.0293152499	1136.29216369055	1087.70652225839	1039.28829582374	991.055096511823	943.02646269713	895.224111864232	847.672233565715	800.397830050642
FIN	119.905107968	121.482081181589	121.964372267204	122.346484755878	120.169376263767	117.960976772251	114.454797051647	110.963452045935	107.487117041737	104.025972020934	99.7529047854003	95.4997635924301	91.2680582931815	87.0594435226643	82.8757360615956	78.7189347383994	74.59124331466	70.4950968879478	66.4331924579197	62.4085244407081
ESP	580.673470464	615.259130179835	633.727356492437	652.536380748668	655.094196983415	657.722185308742	655.915588895221	654.099430583351	652.273362951462	650.437020073262	631.249010896584	611.941362995016	592.512096445236	572.959238383825	553.280831288748	533.474942820003	513.539677510811	493.473190661499	473.273704863429	452.939529673872
DNK	158.225924096	158.596386247871	157.528996435241	156.286031855947	152.641389932105	148.919733955067	143.491629133211	138.072487869512	132.66250686498	127.261891651687	120.648788932549	114.093255075871	107.599429825084	101.171843713974	94.8154646952043	88.5357515799563	82.338715476778	76.2309906605203	70.2199166023059	64.3136332642367
DEU	1900.221169664	1890.44930869862	1864.30361098748	1837.06554258955	1778.13859093851	1719.8602027492	1648.93535156486	1579.23373855045	1510.7653975739	1443.54045785207	1382.85841686692	1322.53409758092	1262.58996353626	1203.05050335482	1143.94246870606	1085.29514686333	1027.14067387239	969.514395586508	912.455285342747	856.00642894335
CYP	9.147165696	9.94572770917678	10.7433897675058	11.5740931971817	12.2026194960689	12.8455327376707	13.3579276336818	13.8780907451505	14.4060460955123	14.9418156928224	14.8085300743359	14.6648043284345	14.51008946306	14.3437905698674	14.1652615721665	13.9737992163298	13.768636175294	13.5489331059711	13.3137694692564	13.062132880165
CHE	246.04925952	248.117222318249	248.50994584364	248.49511102906	244.705664537711	240.590995466855	234.039824703336	227.263724981451	220.261336070289	213.031312213665	198.865767498298	185.035437226059	171.549693111812	158.418360084468	145.651753815545	133.260722952168	121.256696831996	109.651739613654	98.4586119490159	87.6908415628918
CAN	714.458267648	746.83628600793	774.015664014196	800.337919998964	811.422827624223	821.320575751084	820.590322090341	818.851846132342	816.098040507848	812.321796028851	779.895057438975	747.613583821663	715.487409793749	683.527505191267	651.745886196439	620.1557426755	588.771584553867	557.609410632693	526.686903964625	496.023658793249
BEL	228.417175552	231.069256906082	231.650115698995	232.064487310536	228.53969561913	224.949063206728	218.994420986955	213.047118166563	207.107320597884	201.175201680582	193.346458505795	185.543196933296	177.767660094481	170.022314900979	162.309879207136	154.633352961857	146.996054046873	139.401659641058	131.85425412654	124.358384771227
AUT	193.838219264	196.918498178618	197.065429741381	197.049909643509	193.53901125141	189.968897231344	184.32198277104	178.691534359993	173.077785028645	167.480975558787	158.974920101362	150.612509753975	142.397685152079	134.334571827059	126.427495091948	118.680996764411	111.099854028772	103.689100799347	96.4540520219532	89.4003314431553
o_SEA3	19.1742923879137	27.0223497114054	36.1080169560879	45.9648168729054	60.5747604948815	76.4691553896926	90.5443132419038	105.241584028606	120.466810669514	136.137257037259	140.144717731391	144.11506018307	148.049243634093	151.948135030393	155.812522996188	159.643129274619	163.440618156428	167.20560429899	170.938659248587	174.640316911168
o_SEA2	43.0503597768341	51.702778898002	60.5227352526823	68.9886908589817	80.7611041878427	92.1183060039004	97.6843074608811	102.966233220917	107.979390514907	112.740730677244	111.309065593104	109.911209006636	108.544441693545	107.206387784007	105.89496121226	104.608321902444	103.344839685874	102.10306440324	100.881700988962	99.6795885950105
o_SEA1	0.57358756996379	0.695346927077717	0.819717991963014	0.939911691692854	1.11080828022601	1.27786321087776	1.36638220263467	1.45199164186364	1.5347760315664	1.6148546193919	1.58634405738525	1.55949234281504	1.53413640453013	1.51013418408645	1.48736135239962	1.46570862346355	1.44507954218941	1.42538865152599	1.40655996510072	1.38852568757171
WSM	0.230901296	0.268112441001222	0.302109507793702	0.33228075049233	0.379575348550331	0.423072374868714	0.431697012366939	0.438461867775918	0.443622362007921	0.447406228986945	0.443630354250384	0.440234511478158	0.437179180786047	0.434429959824595	0.4319567637774	0.42973317084324	0.427735883244441	0.425944280652455	0.424340048057754	0.422906863997773
VUT	0.24455968	0.309795678475035	0.380106870668355	0.450654729914853	0.549920127336951	0.650254175965099	0.71496922560247	0.779078824450965	0.84240950053595	0.904842343461676	0.896776992658725	0.889456285761379	0.882803281090847	0.876750994908776	0.871240844813623	0.866221376210915	0.861647213567736	0.857478191487226	0.853678630632542	0.850216731092003
TON	0.153462048	0.173606275416864	0.192735567582826	0.208940530037011	0.235839916260043	0.259800281739814	0.26711461322463	0.273356261724375	0.278659999317249	0.283147737728013	0.2734978790515	0.264510719794745	0.256119998276325	0.248268004022217	0.240904241408438	0.233984336319051	0.227469135778714	0.221323961958651	0.215517990534314	0.210023729865177
THA	122.725244928	137.662160861981	149.953050425759	159.552232486812	173.945261276811	185.23864513528	183.755575815315	181.475363031274	178.566097681939	175.16948313261	165.585042547863	156.705614595881	148.460260214656	140.787200286148	133.632384074421	126.948317993257	120.693101097108	114.829625944084	109.324912670233	104.149551069158
SLB	0.299277024	0.400243164037971	0.515007113705995	0.637769174658537	0.80820292533335	0.989687313982284	1.12311051609646	1.26029543184457	1.40057350848179	1.54336983133526	1.57240643497607	1.6003500003229	1.62729853324398	1.65333752088913	1.67854188623463	1.70297758722736	1.72670293371039	1.74976967858237	1.77222392709575	1.79410689870483
SGP	91.476107264	100.938923546474	106.998277976158	110.36013969588	115.98321946008	118.587586011039	110.711188841108	102.42246969768	93.9026476365071	85.2959376658695	73.3370189099721	62.5509971098794	52.8169205577949	44.0294886913872	36.0966055785322	28.937378308901	22.4804686785897	16.6627274976472	11.4280565572915	6.72645517934863
PYF	3.447543296	3.83233592471807	4.15132991958404	4.36928425175514	4.67685634632194	4.86812118249714	4.69788358000969	4.4938705284162	4.26198902153341	4.00732902634378	3.53130044442976	3.0931243880909	2.68896577846667	2.31548503720711	1.96976064290424	1.64922577070664	1.35161611515634	1.07492665924217	0.817375649853386	0.577374416051209
PNG	3.419955456	4.56565060769406	5.85984666669325	7.24297416857292	9.18108529493821	11.2468442276611	12.7429396317056	14.2781383149962	15.8450820752538	17.4374872969867	17.8677203988486	18.2812441527349	18.6795709833514	19.0640199455244	19.435746917612	19.7957693047142	20.1449863821935	20.4841961515765	20.8141093870819	21.1353614043514
PHL	75.912536064	95.4778655933575	116.104135636426	136.89134037191	164.770496639038	192.779743401208	208.6646143359	224.293867411423	239.651944541914	254.732033611753	253.113888305832	251.573958682663	250.104657790992	248.699375117474	247.352324030009	246.058416962733	244.813162630184	243.612580864138	242.453131645951	241.331655648377
PAK	73.320964096	100.114600912825	132.770863019631	168.60745731669	216.964151991503	269.188988471404	308.834796544219	349.824117212125	391.937079600631	434.982572464085	451.325816785044	467.161055800653	482.531824933454	497.476124341552	512.027282767572	526.214664317721	540.064250513844	553.599122567474	566.83986327983	579.804893775624
NPL	5.494252032	9.18805406114153	13.8715774994095	19.3326590577536	26.8333489693201	35.3422534805201	42.6794875886219	50.453591941941	58.6111691170337	67.1036899281704	71.0581659206573	74.8509427931568	78.4968784157831	82.0089282121287	85.3984422539672	88.6754083332134	91.8486521352325	94.926003094539	97.9144326067272	100.820169827269
NCL	2.682347008	3.02675478063898	3.30397924727405	3.5022378046889	3.8020671761271	4.01039653417019	3.92927043225287	3.81452221729599	3.67042189610837	3.50082505517102	3.09622891225952	2.72371787469471	2.38004197679908	2.0623711467106	1.76822957978374	1.49544204624481	1.24208967564102	1.0064733224182	0.787083038286529	0.582572495858944
MYS	90.319740928	104.477082492847	116.984667715274	127.311191353648	141.224937811988	152.545396811246	153.168325452282	152.825019861608	151.636135188457	149.710926429366	138.635071763706	128.362188003701	118.811632121163	109.913172311512	101.605360900446	93.8342031370461	86.5520609454504	79.7167446358025	73.2907560211367	67.2406542914567
MDV	0.624333056	0.739086499543047	0.857699057400096	0.965618445223965	1.10846341439854	1.2380979019937	1.28536490303301	1.32613741131579	1.36093359984169	1.39026755427993	1.35098994740574	1.31363914300692	1.27803075054605	1.24400408087128	1.21141844358429	1.18015011770539	1.15008985699347	1.12114082297288	1.09321686248969	1.06624106460635
LKA	16.331874304	19.2150701104268	21.9980611026438	24.5518153011195	27.9245428058807	30.9710276981581	31.8165322348566	32.4803611398772	32.9792109776151	33.3291186334026	32.7595682995224	32.1991653418336	31.6473121129065	31.1034844653586	30.5672203172654	30.038110296056	29.5157900329165	28.9999337775643	28.4902490766285	27.9864723144008
KOR	511.658524672	543.273660146834	559.183885100872	561.15047043613	574.624298102523	573.144709648857	526.588653326093	479.455486796876	432.702911011429	387.06241373893	337.64041734037	292.92440610383	252.430165850577	215.736127739827	182.473576007088	152.31863645459	124.985679007034	100.221851473491	77.8025245236927	57.5274754599896
IND	457.370894336	628.096563351467	821.558424686937	1029.67641335964	1302.90197092217	1591.22189018024	1791.01843333422	1991.84441919455	2192.81508416839	2393.24515249473	2441.27598525001	2483.59781911774	2520.8054871659	2553.41678330693	2581.88450566999	2606.60630982994	2627.93282288068	2646.17436624096	2661.60655776046	2674.47500518365
IDN	165.020483584	204.388402686877	244.469654823142	284.149203051485	338.06572594639	391.3510762701	420.287120229335	448.218975627471	475.153672897712	501.115717588125	498.386430884719	495.449624228139	492.330102395671	489.049422645507	485.626402891884	482.077537457716	478.417339436239	474.658624342448	470.812746472177	466.889796917576
FSM	0.2157	0.240379578436436	0.264059696131353	0.283217876341014	0.317377254527587	0.346980639059478	0.349750871520153	0.350960276228648	0.350864685088607	0.349686420212802	0.336723662560699	0.32460636427239	0.313250496929676	0.302582870353919	0.292539438920891	0.283063915869308	0.274106632182153	0.265623591118391	0.257575680346038	0.249928011855616
FJI	1.652776448	1.84778970759121	2.00638248886733	2.12818840577349	2.33552515474276	2.50308409405804	2.49123517498727	2.46849058340006	2.43703469665205	2.39871924957633	2.26565560070208	2.14241579853824	2.02801100858472	1.92158008269995	1.82236960358135	1.72971755815732	1.64303989263802	1.56181937280042	1.48559630119726	1.41396073992647
BTN	0.487539264	0.608538778845426	0.740895358715634	0.874962332996485	1.04868861925883	1.22242248642792	1.32080847516567	1.41706651546735	1.51112630667964	1.60297568597099	1.63652912463283	1.66966388793777	1.70239969242883	1.73475396363277	1.76674219047557	1.79837821530972	1.82967447281052	1.86064218796812	1.89129154112907	1.92163180632103
BGD	45.52443904	67.4618904822336	93.7192091437395	123.073344105831	162.66444493205	206.044129441115	239.706599583799	274.467557849083	310.122711460162	346.497356959371	359.138590304116	370.82736904396	381.659412544131	391.718081827861	401.076310980816	409.798187330039	417.94025272048	425.552581678605	432.679679852921	439.361236738281
JPN	4746.06731264	4831.72469821497	4884.43735296003	4932.65041042061	4752.40936852307	4571.28780104121	4345.81286814651	4120.51557855372	3895.62574973836	3671.40738963876	3519.85849125711	3369.31566592166	3219.85892020696	3071.57374939902	2924.5514467586	2778.88941686562	2634.69148998262	2492.06823361351	2351.13725654674	2212.02349964549
NZL	52.125302784	59.6017207228822	67.822476646559	76.825790930064	83.3174438816351	90.0253937366098	95.4833630951112	100.947945240159	106.38427191761	111.752031511372	114.548826923363	117.154358448005	119.553646295979	121.730692530694	123.66842448127	125.348637529075	126.751937851723	127.857685851078	128.643941157733	129.087410296107
AUS	387.538255872	430.309638265513	478.331272607302	530.069945873744	564.043308116705	598.680899040579	626.134722052754	653.404288976475	680.294650590365	706.582110572177	711.508780129215	715.620640527397	718.852664981497	721.1353561421	722.394493419318	722.550876851863	721.520069999591	719.212144956722	715.531433304214	710.37628765446
