CC	2004	2005	2010	2015	2020	2025	2030	2035	2040	2045	2050	2055	2060	2065	2070	2075	2080	2085	2090	2095	2100
VGB	0.1008	0.102341924623044	0.11877538497919	0.145682652526915	0.173048791060687	0.207202824111754	0.240053287444033	0.307134665422852	0.372599518093664	0.436607497161308	0.49928284526547	0.565964332049717	0.632706953548775	0.69953103721677	0.766452132387941	0.833482502482436	0.900632095576094	0.967909194503734	1.03532086363574	1.10287326296596	1.17057187343313
TCA	0.0974	0.103955452846102	0.128031883056607	0.15795369518682	0.187961645937739	0.229700897460441	0.270992653944441	0.347379411390008	0.421954640806435	0.494843921516621	0.566155837046078	0.642925574608882	0.719896314162516	0.797079800308365	0.874485637509062	0.952121973984899	1.02999594695328	1.10811398126273	1.18648199502296	1.26510554455446	1.34398992875655
MSR	0.0122	0.0137928741812171	0.0204169967588291	0.0267566931336814	0.0322550038566019	0.043077274674169	0.0545682498840794	0.0709366058601111	0.0869431705489752	0.102528907401095	0.1176671649529	0.135261418190272	0.153094990295173	0.171155400151917	0.189434137324768	0.207925447969084	0.226625545850031	0.245532084547705	0.264643795399136	0.283960233619716	0.303481596815996
FLK	0.0176	0.0175147356374043	0.0181564033397082	0.0200874276106336	0.0219029809209602	0.0252593542421148	0.0283293610336139	0.0355329828256937	0.0423542418108006	0.0488443021569671	0.0550402523569774	0.0623119957711927	0.0696216172703508	0.0769760953588049	0.0843808314500235	0.0918401439750908	0.0993575898061731	0.106936179592471	0.11457852578804	0.122286946756401	0.13006354149257
CYM	0.1979	0.20617087675636	0.246810685706258	0.3007013851222	0.354417917994872	0.429176784652919	0.502270185463456	0.643360230962487	0.781119023103291	0.915825269060745	1.04770609997863	1.18667682894966	1.32539250785916	1.46387800365007	1.60215110277396	1.74022469150662	1.8781081732557	2.01580841708915	2.15333040881084	2.29067770789645	2.42785277452797
BMU	0.2743	0.280237444063103	0.322377735809532	0.378171744073191	0.429470372062774	0.50692073588785	0.578403281263946	0.726817643983717	0.865463570097317	0.994974722067048	1.11591162106127	1.26489253664677	1.41373964420703	1.56247280572943	1.71110648962198	1.8596514369835	2.00811574490425	2.1565055916046	2.30482573431501	2.45307985883476	2.60127082985139
AIA	0.0504	0.0515923363812768	0.0637034341120953	0.0801287006448263	0.0969595154903244	0.118426693293419	0.13962797020559	0.180385080145546	0.220769696688737	0.260810980397116	0.300533177064644	0.340387489273261	0.3801188480159	0.419729663753388	0.459221292704224	0.498594353878458	0.537848934958485	0.576984729882691	0.616001133086353	0.654897305447466	0.693672221293704
ABW	0.4074	0.430851239863323	0.49575782520606	0.590421909431487	0.678472985051108	0.811221863659302	0.936639763094562	1.18175037685568	1.4123632214199	1.62929352897562	1.83330123992142	2.07969685194023	2.3259657725564	2.57211539833175	2.81815082940301	3.0640755726929	3.30989199892386	3.5556016483686	3.80120544061711	4.04670382169429	4.2920968692548
VIR	0.4771	0.487293411888556	0.551462553692062	0.635884401289486	0.709947995556505	0.814753148442192	0.903202469422536	1.08936888744894	1.24167093909293	1.3622058332977	1.45285954909318	1.64251807674382	1.8309569860316	2.01818938487651	2.20422058463366	2.38905041693109	2.57267473744598	2.75508643007714	2.93627609403485	3.11623252390871	3.2949430511451
MTQ	1.6759	1.72212826485881	1.98478496608984	2.32203013498889	2.62879951495731	3.08535327600285	3.49990663801963	4.31075037789771	5.02638682467518	5.65269403764574	6.19496391550796	6.99402269192132	7.78527992973702	8.56873721011814	9.34436650585857	10.1121186962756	10.8719290859522	11.6237210821772	12.3674087035197	13.1028983250129	13.8300899120432
GUF	0.8029	0.84615998100897	1.08085423287123	1.4015531055598	1.74152339056441	2.2546310532669	2.79982924734931	3.80027565107856	4.86897259811577	6.00219589465282	7.19643330415598	8.21744748222845	9.25258685187075	10.3021938830315	11.3665795907008	12.4460345858867	13.540836296285	14.6512538348452	15.7775513770212	16.9199905658204	18.0788322674672
GLP	1.8387	1.89399774572928	2.23315924641616	2.66297488994264	3.07032341840929	3.66579129619338	4.22934150910811	5.33405866254516	6.37454107182395	7.35483280204836	8.27854916672874	9.31197518692561	10.3263148248303	11.3214372907189	12.29717252745	13.2533217213077	14.1896640916739	15.1059613931164	16.0019609646063	16.8773978291631	17.7319961568203
CUB	48.0025	49.1615069169866	55.7240290517769	64.8774492805047	73.1145913220637	85.8512298050666	97.4391015318012	120.48237910917	141.073685082213	159.366357451361	175.497806958523	196.102737756041	215.98917116569	235.15070782929	253.579833718106	271.268202693473	288.206818538917	304.386155177055	319.796237611737	334.426697185863	348.26680960327
BRB	1.2341	1.26643890746223	1.46377238438747	1.72420074028179	1.96480502617329	2.31318533607161	2.63204185672388	3.26616746915441	3.83855326491509	4.35301625953385	4.81299113412691	5.3818427475828	5.93177940987471	6.46262449111387	6.97417402746222	7.46620353415031	7.93847239076281	8.39072673358628	8.82270139929082	9.2341212481013	9.62470207045015
ANT	0.7356	0.761248712791226	0.944374843393174	1.13536347596185	1.31477706000794	1.5561402009185	1.7778954934969	2.21115327004986	2.60305186596124	2.95579918784439	3.27149550631055	3.69846704042299	4.12179261053138	4.54141487157405	4.95727694867082	5.3693219646651	5.7774927241183	6.18173149314418	6.58197983977866	6.9781785135857	7.37026735124561
KNA	0.3929	0.390981650890394	0.398043046924861	0.446695309292493	0.499464852860579	0.584499659255524	0.668145483333984	0.840355427193348	1.00713989439788	1.1700490717402	1.33008284409526	1.48710144517098	1.6426696846581	1.79711561983226	1.95068106845484	2.10354831290042	2.25585746311331	2.40771808063208	2.55921716123728	2.71042474108944	2.86139791283653
GRD	0.4015	0.418525983834752	0.489896541628355	0.585698733913832	0.673404943744716	0.800543355767895	0.918151611546709	1.13871279248872	1.33619615693388	1.51175607709805	1.66651987648271	1.89323860786404	2.1202330591718	2.34749102046342	2.57500432201247	2.80276760183961	3.03077750486552	3.25903214725521	3.48753074904308	3.71627337660017	3.94526075860794
DMA	0.2525	0.261794339618632	0.305777968923211	0.367166310104844	0.42292646836857	0.507777822559187	0.587709246662877	0.745513861734648	0.895180104125979	1.03701999980556	1.17137647124156	1.3311620197431	1.49110570632214	1.65118644067636	1.81138891976567	1.97170184122212	2.13211674186021	2.29262722023456	2.4532284028819	2.61391656960572	2.77468888517482
ATG	0.7686	0.753300255461535	0.745849028912082	0.808588555295619	0.879015412227194	1.01097645971106	1.1388309480537	1.41800335675979	1.6846291525252	1.94208575718523	2.19256623551464	2.44148072640061	2.68727244371725	2.93061834237608	3.17201693319483	3.41184352734937	3.65038615588381	3.8878696165533	4.12447198739964	4.36033622380328	4.59557846607079
VEN	120.0683	124.160459603942	149.857318659405	185.577949641785	222.287834468164	275.757827165723	330.178998421952	432.397789284933	536.41152440702	642.191275591973	749.684332883767	850.872295381632	952.407804166438	1054.32427912726	1156.64820977659	1259.40134276358	1362.60210530933	1466.26655925125	1570.40905729193	1675.04270492916	1780.1796924088
VCT	0.3759	0.400164732005419	0.512300587955947	0.633761908731834	0.744314603224334	0.892177369940263	1.02805082304534	1.27243209058707	1.48703533553864	1.67278043955882	1.83079468156222	2.07065881622803	2.30742568188658	2.54093943472254	2.77107101846157	2.99770955221409	3.22075672231425	3.44012301945085	3.6557251463766	3.86748418932006	4.07532430010051
URY	20.3816	20.2317622440529	21.0377987754687	23.5276961762873	25.9820805903488	30.2660339450354	34.3096866030192	43.0981455129819	51.4681984251407	59.4830413291451	67.187401384142	75.618836324476	84.0043482604968	92.3527069756598	100.670350074245	108.962104542875	117.231655891834	125.481862216566	133.714969859852	141.932764854123	150.136681396256
TTO	10.4825	10.2733991806887	10.0966712358202	10.840178420406	11.6258726711344	13.1169297851404	14.4724002671664	17.6423757728064	20.4913356584724	23.0702700377772	25.4149340281976	28.165580483937	30.8300039202425	33.4139393049222	35.9213860319455	38.3551402409754	40.7171407925992	43.0087007549096	45.2306662422494	47.3835278368034	49.4675002810073
SUR	1.0579	1.17377865690119	1.68605330127252	2.19606887719113	2.65821352099282	3.25693186245136	3.81635382511582	4.8023199095534	5.69750377450167	6.50153566583498	7.21602823874472	8.22716150202563	9.23736342202727	10.2457526973882	11.2516616219598	12.2545695402301	13.2540595692955	14.2497896147459	15.2414724557601	16.2288617487957	17.21174199085
SLV	14.1185	16.0381970774002	24.8720245542907	34.4459207954102	43.8882086640616	56.8300880773455	70.0951804538153	93.818782629409	118.32338652282	143.48940857247	169.232428927262	194.266278824438	219.591072667776	245.189288833851	271.048811313935	297.161273755978	323.520983247435	350.124200288584	376.968644785302	404.053149566156	431.377412617022
PRY	8.2587	10.2647832383567	19.2735351800197	28.7240816105118	38.2008435404935	50.7992804074095	63.9167285404462	87.0835135696933	111.498510532315	137.001772595113	163.47629228729	190.67020144245	218.840042239359	247.974240821675	278.067729351881	309.120008934024	341.133892221343	374.114663667992	408.069504843016	443.007092799116	478.937314289472
PRI	71.6702	68.2263087856654	59.3011743636711	57.8599428984547	57.5185777602118	61.3827321446144	64.7458134448181	76.3309603008593	86.3269126349485	95.1617520289372	103.113423742656	110.586305520366	117.485922831157	123.890941097301	129.858501735279	135.430868179297	140.639746599368	145.509178006134	150.057523878541	154.298860172204	158.243975482626
PER	60.8122	68.3300047931148	102.787611526193	140.988781089938	178.584571918618	229.233130141258	280.656681403582	372.863759781203	467.058693677654	562.829629048661	659.899930832675	755.41437473912	851.578407855328	948.319978004074	1045.58721388745	1143.34220381196	1241.55695137949	1340.2106686639	1439.28791805119	1538.77730797502	1638.67055926488
PAN	13.2418	13.8118578864802	17.127025010074	21.504427920921	25.9736885475482	32.4733142128548	39.1115545305202	51.4405052197401	64.0373138811309	76.8879422116744	89.9789380043461	102.519526825012	115.171478520628	127.937367613818	140.81955155171	153.820248212338	166.941586576572	180.18564092256	193.554454573806	207.050056838083	220.67447539906
NIC	4.3905	6.41075241161836	14.9329193469975	23.4801081408461	31.8980636454671	42.7134893104926	53.8608062800155	72.8596926568774	92.5269655339746	112.714909510358	133.325202967286	155.769070928175	179.007997404354	203.026878192921	227.817307290245	253.375563836326	279.701304877326	306.796691813613	334.665792074522	363.314160467959	392.748540793729
MEX	619.4478	620.992704212445	677.217017293826	781.447533314512	887.912357297958	1054.33869043393	1216.91424167394	1537.19296029786	1845.5395895035	2143.89870524426	2433.62763877503	2730.03336366957	3022.44469946618	3311.13805196809	3596.30678224652	3878.08668911297	4156.57257149175	4431.82931035504	4703.89947310126	4972.80864814623	5238.56926069622
LCA	0.6998	0.722115404618386	0.861730206478773	1.04844013593831	1.23422799563287	1.50436849036306	1.77146394564516	2.29123982182117	2.80830955002317	3.32311688058588	3.83597121856326	4.33256177813401	4.8252313649107	5.31403284165234	5.7989913647763	6.2801126545704	6.75738836412919	7.23079966556985	7.70031970484403	8.16591531789281	8.62754825234045
JAM	8.5029	9.03712582566308	11.5870200008267	14.4526577151337	17.1120236331427	20.7773165734457	24.251382686799	30.7155781898661	36.7778642546848	42.4452225026254	47.7297450886915	54.2853978083286	60.8375436871575	67.383397031631	73.9208451899414	80.4482388178728	86.9642554744188	93.4678082678497	99.9579830853633	106.433994476436	112.89515401555
HTI	4.0817	7.74724182139003	23.1978879441823	38.2399435578882	53.040446852073	72.3223208175351	92.4301142401444	127.851171901631	165.622289624856	205.429520886395	247.045210819046	286.68064896056	327.161942894679	368.44016163405	410.48159489976	453.263092786869	496.769037049683	540.989314849827	585.917928615723	631.552021097906	677.891178259273
HND	6.7985	9.28152121639062	20.329526242411	31.9604488691519	43.8019873918465	59.3651989935723	75.7682296952131	103.986010725402	133.918235553648	165.345840567155	198.108473720723	229.901860413917	262.489268324338	295.84269243775	329.94399979959	364.781928803372	400.350139650537	436.645910666204	473.669244460576	511.422241618889	549.908653430584
GUY	0.7426	0.997989610063131	1.96856912895513	2.76200189926679	3.40200576353357	4.17995243048873	4.85363512694081	5.94316583847122	6.80243901469343	7.42778312115491	7.82171754306286	8.77077976531345	9.66776876340024	10.5097736698304	11.2944055974836	12.0196305643707	12.6836607149328	13.2848813523075	13.821800688222	14.2930144148005	14.6971801886604
GTM	21.1676	25.3905839482604	45.6820021462795	69.3059409514004	94.2911213221089	128.789655496901	166.050797751514	231.093682271057	301.769189949441	377.60519426892	458.217148546848	533.912761720271	612.311804360528	693.38975698485	777.13826486521	863.560350122665	952.667304509085	1044.47661493833	1139.01054448463	1236.29514134609	1336.35953432232
ECU	19.0258	23.2816439084828	41.5507900289202	60.2440572671469	78.3410236781712	102.027980492438	126.011983600733	168.094777024281	210.997709980511	254.4662838467	298.337763556087	342.210110996706	386.331491277213	430.650409766511	475.12898875703	519.738752766031	564.457888197431	609.269408807516	654.1598959086	699.11861367139	744.136875392821
DOM	21.7128	24.361161094662	36.7656433958335	50.372156828262	63.8486541055278	82.0901473815384	100.691492903534	133.712691447067	167.445973956908	201.748570254734	236.524121956526	269.537884486158	302.481465083641	335.324765984865	368.044840297322	400.623660690948	433.046668147097	465.301799936969	497.378821658839	529.268857702171	560.964054457453
CRI	18.4060	19.1504712738737	23.3012587454679	28.845664749973	34.4667586694593	42.6480909953482	50.9126148287089	66.442982802255	82.1289669414399	97.9677054334254	113.954425161459	129.118000220154	144.260219466796	159.383402612765	174.48921799163	189.578883328303	204.65329625355	219.713121655377	234.758851642456	249.790847632273	264.809370478872
COL	93.9247	106.978908854145	165.87785180602	228.086670066015	288.554392476225	369.483441618461	451.019941086588	596.630413093799	744.061005800668	892.663030724877	1042.02712912549	1197.43305914126	1354.93646053238	1514.4331281146	1675.85238026989	1839.14681554892	2004.28565613967	2171.25029511497	2340.031242103	2510.62598173898	2683.03744293639
CHL	88.0636	89.0914135585494	98.9412941276157	115.573599948296	132.323643509482	158.123945847268	183.35175874218	233.270130732708	281.822355796633	329.2237747053	375.625597847841	425.015224291486	474.505677659488	524.133987867247	573.928441195512	623.911309937467	674.100627806366	724.511379106402	775.1563159525	826.046532758271	877.19187833972
BRA	655.3763	692.414538167025	886.704114920318	1120.46888729618	1351.03311210998	1675.24785145218	1998.39244867398	2604.86843131908	3212.08091573881	3819.37428368144	4426.35697988037	5011.07443631652	5591.01014796441	6165.95393757701	6735.72949011067	7300.18338856202	7859.17797218741	8412.5865426685	8960.29005965646	9502.17480794691	10038.1307143412
BOL	9.3127	12.639690627003	27.2093582297577	42.0025354691224	56.7260750440029	75.9923952839638	96.0103816424299	130.813618193521	167.346267826541	205.345759219196	244.626437854964	284.400237605662	325.299287389253	367.292484730311	410.360602726401	454.49269556377	499.683763625451	545.933192525549	593.243683272757	641.620503033472	691.070950463853
BLZ	1.0368	1.09488163732505	1.42334681541757	1.84425076804581	2.28079074488666	2.89917153856205	3.54024084911752	4.72060117219834	5.94924850642562	7.2230092108839	8.53908877913528	9.71858567774094	10.9037945369123	12.0947031424474	13.291323681617	14.4936856614967	15.701831317274	16.9158125507256	18.1356888399951	19.3615257836733	20.5933940696568
BHS	5.7694	5.52996272009862	4.97250974512794	5.00446391313657	5.11975589004183	5.60398778052616	6.05443434932079	7.28629571614091	8.40744110934146	9.45085987601527	10.4377350961793	11.3115951576332	12.1461032765167	12.9486001022725	13.7244707418209	14.4777497164567	15.2115142877074	15.92814776301	16.6295203025388	17.3171158834714	17.9921232398055
ARG	287.1338	284.051220624162	292.067750552042	325.510682763261	360.909871159886	422.17563010552	481.898852621405	609.38637689464	733.660812738268	855.663981544989	976.001694587584	1094.85652901341	1213.05457416549	1330.80040122947	1448.24573128336	1565.50582112853	1682.67011787559	1799.8093924449	1916.98063894092	2034.23051596274	2151.59781239775
SHN	0.0054	0.0054286137745305	0.00680910236259638	0.00752273074889893	0.00809804002348872	0.00964630984402272	0.0111383373900879	0.0171835102614332	0.022705458059135	0.0278107523282175	0.0325792259952167	0.0417116426662812	0.0507753915665712	0.0597805807760104	0.0687349563488881	0.0776446210117096	0.0865144966495774	0.0953486323813763	0.104150416099086	0.112922723681982	0.121668026809788
SOM	6.0984	6.44304169482557	8.47615560289517	11.0325969437393	13.6100097430662	17.0852020049573	20.5901210334495	33.9492245796512	47.5597512474659	61.3599374963983	75.3072128911353	100.814282602037	127.835681861008	156.269676811703	186.023135413404	217.010734944845	249.154219572582	282.381720756809	316.627142668143	351.829609950875	387.932973118155
REU	0.6081	0.631768474738815	0.757425043525513	0.901181451450707	1.03259742484844	1.20316003055825	1.35971027882511	2.08024505215503	2.72484006895136	3.30808023686411	3.84120032651643	4.80215205709628	5.70902186503944	6.56589063190905	7.37637140233129	8.14369330437742	8.87076299597378	9.56021152098192	10.2144312198631	10.835605567044	11.4257337904101
ESH	0.2887	0.320050774933334	0.452803560579306	0.615736455017677	0.782856091122185	0.942202110949197	1.09491691195241	1.71077096530879	2.28462713668025	2.82385481772329	3.33438947143179	4.23347089717547	5.10969959685496	5.96464421478662	6.79973160622731	7.61626294450777	8.41542753002147	9.1983147302394	9.96592437012504	10.7191758202462	11.4589159795401
SYC	0.5567	0.510286558836965	0.380943848883287	0.331094352234816	0.299633989790855	0.291782452870069	0.284430772987403	0.386872905856862	0.458014697523665	0.509036533287126	0.546630460122221	0.65884231331966	0.759822204131754	0.852065143517606	0.937377747347922	1.01710036949566	1.0922484313244	1.16360528006763	1.23178492237579	1.29727545029433	1.36046975432763
LBY	42.4590	39.1835752607416	31.264023014113	28.6192369771575	27.1328619722576	26.9934972942489	26.8406610243276	37.2033507411902	44.8479905978801	50.715345339931	55.3745272523178	64.6955238399342	72.378018705487	78.791228532659	84.2020645195599	88.8081889305233	92.7590415988295	96.1696507791901	99.1299600485234	101.711281820654	103.970859273819
ZWE	5.9079	6.65657413424862	9.73522568211827	12.6065644316119	15.1192280060157	18.2150822527834	21.0872772611789	33.3295924201876	44.9071056094187	55.9021789791833	66.395092009542	83.7084739138443	100.270774379453	116.114935848454	131.275920337624	145.788926108803	159.688388979678	173.007435591674	185.777602757486	198.028715543578	209.788860409205
ZMB	3.8586	4.68921970702403	8.09956222811551	11.3734544156401	14.4278385329205	18.2968880200283	22.1108423023299	36.2279468946584	50.3855638813684	64.5231606622826	78.6137059999553	101.297767941198	123.930357664504	146.489738165383	168.962921819037	191.342566765013	213.625035944107	235.809148930154	257.895360664977	279.885210880244	301.780949407115
ZAF	150.7367	140.61438412626	114.64446354377	106.848515202091	102.763762234658	105.533112575865	107.84461615736	153.478859825822	189.298362422245	218.374503166447	242.632437017217	293.378187859364	338.772306839118	379.743935640871	416.98739849232	451.035779291791	482.307997750374	511.139952268331	537.80573155238	562.532438220902	585.510787927541
UGA	7.4386	9.8353924138996	20.2760856008275	31.5922823408292	43.052086308759	58.5848949737195	74.8325060513886	129.682067200694	188.952593982466	251.672152851102	317.137699719552	426.276291045406	542.239041528176	664.504889344135	792.614004556364	926.156438399391	1064.76389159232	1208.10349272394	1355.87293594761	1507.79657755635	1663.62223421878
TZA	11.7748	14.7412846707531	27.1953518858461	39.4306934125522	51.1567344887164	65.8530368289128	80.5436814341778	132.728487987273	185.493949300431	238.531382179381	291.676252969006	372.933424889882	452.799762112841	531.257560659974	608.321101718871	684.023569844141	758.409061439835	831.527601045753	903.431990841026	974.175806302873	1043.81212346059
TUN	23.2068	21.9341187398604	19.3823331641474	19.3574112142866	19.740379525893	21.1354368933403	22.3971724003972	32.5214683067702	40.8133701486859	47.8016796570759	53.8280253828111	65.3037212714663	75.5632735958505	84.7831910770194	93.0990507584396	100.617914552014	107.426324176529	113.595630645071	119.185656814049	124.247283307831	128.824318932146
TGO	1.4615	1.98553267357763	4.13993086706625	6.20842739277061	8.19278105604345	10.6555499431716	13.1261709731037	21.6843851311681	30.3564998326848	39.0836174606564	47.8341226383316	61.4779984091241	75.0081267219655	88.4111737798396	101.680687162395	114.8145490884	127.81339527218	140.679607607746	153.416659217166	166.028681933897	178.520177519089
TCD	2.4259	3.29058583460236	6.85730696968304	10.470000940057	14.0242880405928	18.9086978448868	23.9768849429993	41.3527667433649	60.0192848007083	79.6853401583229	100.142755298711	131.430219562529	163.584358417581	196.514171428445	230.145343693403	264.415719695891	299.272320537174	334.669301179463	370.566503136328	406.928397743177	443.723293775298
SWZ	1.5196	1.48630289118009	1.45072354242766	1.53416907208527	1.62085014421268	1.78294225986469	1.9242294781419	2.88593082673024	3.72218350814676	4.46350127769239	5.13100382953175	6.37887312291074	7.55150997348328	8.65760764282147	9.70412608566324	10.6967834894721	11.6403771508051	12.5390008560804	13.3961970527338	14.2150665196475	14.9983494867339
STP	0.0550	0.0657938186738768	0.108221605010491	0.150018361588498	0.188846063002749	0.240186853454556	0.291102147427561	0.474787993827767	0.657781571089207	0.839540881652288	1.01989916687184	1.30965258316855	1.59700870126784	1.88181415211167	2.1640147863037	2.44361786082769	2.72066867711523	2.99523579205493	3.2674014812172	3.53725550787479	3.80489102023338
SLE	0.8329	1.35230822935893	3.28090395803376	5.09568776406841	6.81834549290111	9.07365336334675	11.3697092746611	19.3706971003926	27.824282334732	36.6151929280417	45.6651653685036	58.3040164124738	70.6607130770476	82.7279474610622	94.5062340889366	106.000794278039	117.219644902336	128.172399844898	138.869506645342	149.32175590419	159.539965336762
SEN	5.2470	6.01341150689802	9.44908752872042	12.9532199001737	16.3168292108564	20.5860382531749	24.8196431152152	40.5665954521965	56.3364298244823	72.0799009536435	87.7757369549713	112.621855724226	137.254433004308	161.668600415101	185.865172059116	209.848368840876	233.624423690481	257.200707896897	280.585175525475	303.78600709214	326.811380740801
SDN	15.4061	17.8181796739942	28.4966043934217	39.0671350848003	49.0605139554238	61.4858695388971	73.6730820311841	119.401502637275	164.556718147462	209.096903180838	253.046275232013	322.092612749374	389.465861937383	455.209676723023	519.382878232951	582.051788530231	643.285686026287	703.15408761518	761.725129833768	819.064625501887	875.235541950777
RWA	2.2195	2.98134281729529	6.19492059254181	9.40843744933118	12.5482078658181	16.3400687195337	20.1509769369075	33.7854064318001	47.9037421243818	62.3635360771865	77.0734530394897	99.6543151676204	122.295096481655	144.960700376806	167.62752117826	190.279552090007	212.905931041801	235.499346032429	258.054972240581	280.569748035502	303.041872594053
NGA	51.6919	61.8259515501959	104.612538025166	146.299543099882	185.699433782226	234.589271484834	282.734504490877	461.790831831442	640.603650243235	818.583253705177	995.511838549563	1279.15905834798	1560.82597437313	1840.34931368126	2117.66089242084	2392.75183456575	2665.65041884628	2936.40801640863	3205.08999014536	3471.76972089678	3736.52464989599
NER	2.1083	3.31862394991238	8.46197541114705	13.9832276011315	19.6334376478484	27.8466397665115	36.6361319640722	66.8281670019164	101.250815391388	139.07510159715	179.668575392096	247.414935771084	321.403555882013	401.197227339121	486.400604840954	576.654721674441	671.632536435453	771.035231071624	874.589080898059	982.042774872642	1093.16509942653
NAM	4.0881	3.901355528983	3.57602645436833	3.68243305824457	3.84976314649546	4.2310501489272	4.58715982378121	6.84393785802743	8.80727356845892	10.5595025713669	12.154397584993	15.1093560395017	17.9075196757583	20.5740814402928	23.1280828152511	25.5843173444101	27.9545515115671	30.2483347764719	32.4735532058293	34.6368179203089	36.7437440965561
MWI	1.9288	3.13252484280945	7.92393342975484	12.4576305332662	16.8125086285578	22.3048266970739	27.8760198556527	46.9305419428411	66.7391296468293	87.0769928836398	107.80068229453	140.345844788946	173.32776138387	206.66725002947	240.305495933719	274.197630146942	308.30862590684	342.610587816363	377.080908641386	411.700983754037	446.455294013663
MUS	5.2941	4.88327646401575	3.86660911082683	3.52292958253956	3.32819844136057	3.33897052429596	3.34425517208686	4.63333823672259	5.57628059420947	6.28922199693141	6.84317641023943	8.14660450072726	9.2717378199068	10.2528762336424	11.11529614986	11.8781173905241	12.5561325904183	13.1610135121583	13.7021295272404	14.1871170594584	14.6222846765946
MRT	1.3031	1.50087227072013	2.37748211079987	3.26364585160649	4.11380140044295	5.19536680441569	6.26860563855832	10.2374058680737	14.2065849916262	18.1645394994608	22.1066148180888	28.732568204243	35.4508061822309	42.2508625714227	49.1243264944192	56.0642639643066	63.0648396907148	70.1210603925016	77.2285947368134	84.3836432736666	91.5828419986406
MOZ	5.3403	6.99810713505712	13.4985058115964	19.3483619642179	24.7006980627892	31.3469367365902	37.8434901523208	61.9008699379186	85.9199048692221	109.799062065745	133.500585560528	170.694625824338	207.22712342406	243.084468643482	278.270127486302	312.797774652924	346.687087480208	379.961113647644	412.644599219113	444.762918031484	476.341385690031
MLI	3.1053	4.05114969889959	8.12724206818051	12.4082074673521	16.6766566326995	22.4013585224905	28.334596095297	48.6688282689928	70.4111888763866	93.2401404597506	116.926983507724	155.864544173983	196.795026489841	239.557459940493	284.011914213359	330.035090909161	377.517232815615	426.35986292542	476.474070305967	527.779171284993	580.20163766675
MDG	4.1461	5.72844706828517	12.2248437425516	18.4826247079986	24.5029107483677	32.0711803180347	39.7045523583215	66.48202137578	94.149852599087	122.434679401362	151.163955206967	197.810427585731	245.520673303351	294.16900039363	343.655219900823	393.897351317598	444.826869219109	496.385489730924	548.52292624062	601.195276063737	654.363830372171
MAR	40.2199	39.3668637830897	39.843159757468	43.7083048565157	47.7160642691467	53.7935933023182	59.3946472102021	89.3676172020763	115.601543904147	138.998311483706	160.184373421579	199.063018308437	235.54685344692	269.906093137101	302.358113364396	333.082289564916	362.229702706108	389.929730463505	416.294673526424	441.423099512569	465.40232400686
LSO	0.9702	1.07728974714675	1.49585739670367	1.86739181907669	2.17625186692243	2.55118455622546	2.88157470358471	4.4331569562413	5.82336573422714	7.07723883612331	8.21627531922884	10.5634360716881	12.9001682455558	15.2257012115358	17.5397330858293	19.8422533828072	22.13343331399	24.4135562339556	26.6829726960862	28.9420710091501	31.1912577821457
LBR	0.4211	0.740254925764664	2.2090692215396	3.64497307579718	5.08185793365885	7.07442027246264	9.17623368765524	16.3256900150323	24.2739732357249	32.8559686949122	41.9488322266061	55.2409379968117	68.9560264404402	83.0484074370278	97.4809926091446	112.222927636549	127.248036842529	142.533761780733	158.060412183278	173.810621360983	189.76893963414
KEN	14.2759	16.7322867676008	27.7435343823299	39.2216882514762	50.4148493582806	64.609559868382	78.8615449105831	130.93186226384	184.260120380703	238.45886959674	293.283840027936	371.849021964209	447.875480609112	521.446139587449	592.6609497329	661.627329399086	728.454570544479	793.25055649062	856.119863176588	917.162704730469	976.474400986231
GNQ	2.0187	1.88888594142436	1.62055510907899	1.62619051160938	1.66928648565684	1.83311905468068	1.98858488909433	3.01362120278427	3.93644462428651	4.78699473962903	5.58450440945364	6.86966161952847	8.07477925037316	9.2176059180963	10.3109958114753	11.3644877765744	12.385310021645	13.3790402684305	14.3500517597142	15.3018220153964	16.2371512142517
GNB	0.2102	0.358417162642397	0.961108649015334	1.57692201825298	2.19322957123503	3.05360920068144	3.96182882451491	7.02554396644555	10.419834581995	14.0758402763582	17.9425129021955	23.8504358367397	30.0308235006525	36.4592404302728	43.1149991050811	49.9802555537275	57.0393973077373	64.2786117691996	71.6855706980375	79.2491923029503	86.9594569798687
GMB	0.4981	0.62511206609894	1.15662815918293	1.67153611130106	2.16402139241578	2.78614349509553	3.40837547796127	5.64015864927217	7.91109173597294	10.2056406919296	12.5148171475714	16.0545672668452	19.5562716056018	23.0179390517217	26.43899419314	29.8197322420374	33.1609828379681	36.4638976898748	39.7298140289168	42.960165729583	46.1564250797497
GIN	3.4953	4.10282600943681	6.74920114438404	9.68203332326997	12.5684461251982	16.3721592874638	20.2456530293326	34.0559853271644	48.4539890336561	63.2914660092907	78.4673842376462	101.223318662887	123.988301862506	146.740959461765	169.467420986025	192.158734825299	214.809243195189	237.41553025712	259.975724315406	282.489025242234	304.955378833879
GHA	6.0326	7.82698123612167	14.9513130585213	21.4430031421034	27.4191275736723	34.6581596687223	41.7038129831595	67.6511487420262	93.2129018320904	118.33803690218	143.03371177007	183.024411064133	222.367455986709	261.045857913355	299.060660586878	336.42376191739	373.1535102379	409.271942365321	444.803024250805	479.771520032262	514.202263487295
GAB	5.2591	4.90007314125863	4.03381150414341	3.8433569485057	3.78013313469713	3.95136377710082	4.11053819313322	5.92265208736441	7.39997364339499	8.65068100023199	9.74180329459687	11.8371709466835	13.7483670752106	15.5128676024872	17.1580934985613	18.7046263080245	20.1682574771678	21.5613376406295	22.8936904523333	24.1732470219857	25.4064961438258
ETH	7.8784	15.3829620484185	44.6819313910274	71.5700137238129	97.1312929082084	128.661608514203	160.426215188408	269.604524563111	382.706813663331	498.465450238833	616.094923530687	805.597668225217	998.925617638893	1195.52582165296	1394.97327360785	1596.93213326103	1801.13075409499	2007.34503283594	2215.3869640612	2425.0965569986	2636.33598710362
ERI	0.7303	1.14662985694409	2.8634276935893	4.5196939656745	6.13788211974568	8.07436752337584	10.0254011321694	16.874562271629	23.9951995651866	31.3073871263446	38.7598805162135	50.2548604209557	61.82521807442	73.4477289609493	85.1061140509982	96.7887438440047	108.487184172391	120.195246041096	131.908348008711	143.623078311253	155.33688804697
EGY	117.2916	113.869913133384	112.312307154402	121.821050276382	132.550524488815	149.860498293438	166.291929800259	252.721297775867	330.426548048833	401.706870825755	468.101653085172	581.851687503069	689.074930692227	790.645138426121	887.242782486707	979.412551357774	1067.60051916652	1152.17903781701	1233.46393535194	1311.72673246308	1387.20353803666
DZA	64.1462	61.358114642892	57.2192823113516	59.8261577189745	63.3397941797649	69.7458770221696	75.7207133113893	112.463976347881	144.080064379803	171.988694816619	197.12187767707	241.505690764632	282.073612923617	319.350441717418	353.742962764162	385.575301606433	415.111743658649	442.571991579665	468.141686785714	491.979867210054	514.224384946715
DJI	0.6159	0.641988448104936	0.790879683315563	0.97069833360559	1.14251900295785	1.38750495010318	1.62684445989721	2.58947986323048	3.51879997799394	4.42064533676858	5.29972219033207	6.79879395591563	8.2900812510793	9.7744789345743	11.2527041856801	12.725346786808	14.1929019622148	15.6557926361227	17.1143850226953	18.5689998687454	20.0199207750652
CPV	0.6391	0.635227684549126	0.683279527082095	0.788743757614812	0.898551595981499	1.05760912094448	1.21282456594719	1.89695085577084	2.54292020312814	3.16018455618155	3.75523586462345	4.68731953404724	5.57039483613679	6.41005812735165	7.21080056542598	7.97632002829736	8.70972493920727	9.41367251070323	10.0904656447382	10.7421228684735	11.3704301418602
COM	0.2221	0.285747969846434	0.548301560881073	0.797115299280844	1.03256457296668	1.32639615773981	1.61856355972148	2.66817797284747	3.7293918929209	4.79576771698972	5.86391048119582	7.57505305758527	9.28883485780861	11.0029252500892	12.7157813623572	14.4263791433902	16.1340440245832	17.8383410846008	19.5390020021537	21.235875433241	22.9288926887901
COG	3.6508	3.70223877656577	4.22493801208819	5.07087501501933	5.92422835790712	7.13524012058752	8.32839703768343	13.3214166604496	18.1990750042368	22.987539089012	27.7054753822338	35.9013503887584	44.2114493782804	52.6340656390125	61.1659999148898	69.8032420405229	78.541380597308	87.3758527281256	96.3020972284871	105.315647731453	114.412188120041
COD	4.9008	10.5808143954811	33.7533639029667	56.7877732541192	79.7657547844397	110.671436406125	143.105541302813	250.914457942328	368.805694972472	494.574896953948	626.623590952333	822.897676935089	1024.47605904947	1230.71042495443	1441.08737038801	1655.18934561823	1872.66927008949	2093.23342020743	2316.62951751048	2542.63819657128	2771.0667357009
CMR	10.6188	11.5166544164461	15.7457092682939	20.2442483110456	24.5031501150226	29.9720229297921	35.278185163115	56.4901453042455	77.1061659464354	97.2000702744545	116.843819108769	148.270132755832	178.826654160174	208.562473089317	237.525091788594	265.759719203355	293.308968246789	320.212774691037	346.508437854452	372.230726648948	397.412018479608
CIV	10.2611	11.218994025633	15.7248177519702	20.5293901137912	25.0716573738707	30.8476591223803	36.4653377036599	58.5546160889625	80.1016454547325	101.159705375754	121.788733006647	154.801236655413	186.985632330524	218.381818394011	249.030636022	278.972347507281	308.245814339002	336.888074913461	364.934154680601	392.417012567549	419.36756695392
CAF	0.8980	1.24688254493179	2.60573943545399	3.81093473606763	4.90838510847972	6.21219279819389	7.47321903896396	12.1591117588629	16.791011768008	21.3544208617808	25.8474094129668	33.2225590978022	40.5348931179491	47.7766403360862	54.9439760873765	62.0355651152455	69.0516565865667	75.9935072417491	82.8630060777116	89.6624262824716	96.3942594224822
BWA	6.4880	6.03558276295842	5.00524139925997	4.75318554935564	4.65871650190784	4.85650768051178	5.03760864453804	7.29771962680179	9.16025617479109	10.7512142194273	12.1492081716771	14.6845603222879	16.9581068463585	19.01827209995	20.9009271225785	22.6333581250653	24.2368012714858	25.7281160731191	27.1209223525374	28.4263925420933	29.6538163524584
BFA	3.1816	4.36778278584238	9.30584456216322	14.2672272902398	19.1397238801427	25.4910591696047	32.0082314581715	54.3782065946314	77.9550258670982	102.436441196486	127.615807230781	170.326507459926	215.287389574738	262.315384943388	311.251654475414	361.956447400169	414.305508640315	468.187459417432	523.501817764224	580.157457082087	638.07137550937
BEN	2.6784	3.34206731291157	6.23525875700351	9.21204749721693	12.1455660152468	15.9428493593423	19.8163279318123	33.4072014473437	47.6045871625637	62.2527158653932	77.2461918828374	99.6436596437321	122.029248606655	144.3780255146	166.674223867551	188.908052945298	211.073695577565	233.16801514524	255.18970031923	277.138687923665	299.01576697962
BDI	0.7627	1.51608331231028	4.75395658777051	7.98356457568436	11.2279683542435	15.5838396435283	20.1609874888494	36.2671769868277	54.3780911156539	74.0895165048791	95.0972154541252	125.795053741656	157.675891413205	190.622006073134	224.536121064186	259.33603398581	294.951051887701	331.319530501935	368.387115683033	406.105447690553	444.431180476737
AGO	12.3756	13.0067949947893	16.7959057374823	21.8563763589536	26.9848064211965	34.2970776518223	41.75139666667	69.8388382783246	99.0150494009663	129.041012819313	159.743724496354	209.665682084196	261.187890903691	314.209396249524	368.635982165069	424.380148017637	481.360835212142	539.503039604849	598.737381034619	658.999667800385	720.230475795107
YUG	10.4883	11.8506743745195	17.5529004849204	27.9503428685679	40.5399343343617	50.5952429515255	60.9782305430005	91.9400391158774	128.585967328541	171.26200199473	220.350349711092	267.092284117347	318.792528369267	375.677734526128	437.98919979258	505.98385920997	579.935436776322	660.135747456249	746.896152938549	840.549180579451	941.450319778911
ROM	46.8966	49.0284199929396	59.6319347572117	71.7010855997222	83.0013476860875	99.4733662412817	115.374694629624	151.820213358138	186.659460337571	219.758369608336	250.98378955724	280.601716978963	309.969453015134	339.074021708681	367.902048641899	396.439593127901	424.672015075369	452.583859602267	480.158749496291	507.379279318574	534.226906949053
UZB	16.7346	24.9121164752072	55.5611324403673	84.5843553078141	114.577030849475	153.637792747351	196.515128873514	280.385936044351	372.416555606748	472.786370620821	581.824234838958	661.201413355559	741.742987908842	823.45539669375	906.358867322149	990.484071853317	1075.87011592189	1162.56333420915	1250.61659633004	1340.08895127061	1431.04550786437
UKR	44.0425	55.9685981365372	95.4304260292039	126.226457313048	151.888209560401	185.364819767937	216.364916505923	286.645894121668	353.207227472184	415.349137479397	472.493564713426	528.148479147498	582.604045180329	635.769405167783	687.558130126566	737.885223975136	786.665088245208	833.810044004811	879.229181878302	922.827403812623	964.504571618377
TKM	3.3523	4.8024469508304	10.2305546442981	15.367796812942	20.6490202602638	27.5716312151257	35.1485686438458	49.9931203522003	66.2165572921764	83.8473641763762	102.939845681226	117.466400400937	132.334238577379	147.55141022545	163.128643688049	179.078836538285	195.416766676434	212.158938220506	229.323514522606	246.930310867725	265.000830752582
TJK	1.4361	3.74732116569732	12.0331372472671	19.8433056104614	28.0399296799707	38.9658796687603	51.2873805862206	74.4987114312926	100.51620319036	129.415889807678	161.320801634302	184.208602731689	207.573008432933	231.41979039958	255.759670688433	280.607192460695	305.980049820706	331.898696025655	358.386128820989	385.467794223914	413.171573891642
SVN	21.6884	19.7663493635196	15.6841382888753	14.9680141442505	15.0016209189101	16.2081573527333	17.4506811535521	21.6967199612471	25.5635413489297	29.1509814175948	32.5186984653869	34.9009491258975	37.163138804058	39.3124822924127	41.353029691899	43.2866138248654	45.1134417060839	46.8324730586741	48.4416663321806	49.9381392573803	51.3182723330465
SVK	24.1932	23.2105265907039	22.470401903858	24.5651008550216	27.1750773247322	31.6575166752951	36.1946048497189	47.1043707219333	57.6376000377047	67.8550761681057	77.7894691371481	86.0215958394244	94.1315655119731	102.122306373675	109.994502815122	117.74722190667	125.378300058629	132.884585711976	140.262091949602	147.506090466413	154.611165805957
RUS	328.8091	340.821010554857	404.982575492251	481.636790587629	553.412411928173	660.319842375116	763.054515448002	1009.47600218053	1248.81166829081	1480.52070783208	1704.05080206034	1897.62818116927	2087.84509166635	2274.54707097863	2457.56991896557	2636.73896009993	2811.86822184391	2982.75952477086	3149.2014771055	3310.96836412201	3467.81892082048
POL	186.7286	177.665053278364	166.389076942859	177.990078380618	193.572479652008	221.981174035201	250.142123189013	321.228994969444	387.882509655856	450.535892899137	509.378130053607	561.393997283952	612.356378914776	662.283020197585	711.173976373929	759.016441545427	805.787717193111	851.457062802588	895.98684575093	939.33323364627	981.446575194355
MKD	3.6534	3.97415699246694	5.33467818457544	6.73294441676197	8.08190889070486	9.92813721161635	11.7795786711065	15.7417941292525	19.6511217484043	23.4956455036746	27.265784072925	30.7474789227437	34.2579768792931	37.7979747996375	41.3683917187809	44.9703272192146	48.6050379000283	52.2739249343657	55.9785288029423	59.720528952481	63.5017470595971
MDA	1.6856	2.92100279298088	6.75901737919968	9.73865841761907	12.3292759151564	15.5444582392712	18.6654835399484	25.1436459116826	31.4744440553367	37.595430764713	43.4596483714091	48.7450250908604	53.9349405753617	59.0204707037965	63.9934182278743	68.8459449037765	73.5703269816546	78.1587829305149	82.6033444340091	86.8957535076869	91.0273751455078
LVA	10.3156	9.84006920439519	9.29017704755982	9.95118631947383	10.7741210822162	12.3719664329717	13.9313699476542	18.0658672280453	22.019931704762	25.8148338372498	29.4607859557463	32.4732972406636	35.4140241314312	38.2829372792425	41.0790759151742	43.8007821748435	46.4458429884299	49.011576203887	51.4948815171727	53.892268172466	56.199866583752
LTU	15.1246	14.4741943693065	13.7106166769527	14.7481669867041	16.025029910336	18.4695956186234	20.8727249415351	27.0754969233574	33.007583296924	38.6997119107627	44.1663843469251	49.507198173835	54.9301478511631	60.4431567859402	66.0534687789096	71.7679832784764	77.593477705275	83.5367635878982	89.6048029842307	95.8048008554973	102.14428306098
KGZ	1.6531	3.428485301657	9.68033209642665	15.1071057059161	20.4865090562298	27.3384673778084	34.7043335757682	49.05897637963	64.5112270840706	81.0509308981986	98.698571262678	112.623993140814	126.831946253127	141.32602967686	156.112737788279	171.200804403575	186.600814168035	202.3249760367	218.38699995438	234.802042611872	251.586702013249
KAZ	27.2582	29.6877432772817	41.1680511947113	53.7689340599056	66.7263314985065	84.2281785928037	102.694118182718	141.540547115959	182.380722661511	225.279007864375	270.329979148884	303.343063732127	336.257991982718	369.063677143938	401.750202523615	434.308297121617	466.728991059041	499.003376763729	531.122434017728	563.076894124076	594.857127978823
HUN	54.7064	51.5741008772947	46.6604454422723	48.8391430482719	52.2528477879269	59.7272610583246	67.2315022588348	87.2321811777168	106.617617754467	125.558366917833	144.157163042012	158.996587205346	173.631412919126	188.073960080724	202.331150035671	216.406121997336	230.299242204877	244.008749767753	257.53117646424	270.861620739668	283.993924349865
HRV	21.9164	20.9398616381987	19.7454471583746	21.0101866647744	22.7084890728377	26.0714405520042	29.4067623123941	38.0754467144291	46.3752959970865	54.3620647572086	62.0651322016014	69.2173382541819	76.4249629061744	83.6977011502265	91.0438273940995	98.4707542433828	105.985394543538	113.594407107752	121.304371562008	129.121919059032	137.053835223588
GEO	3.9881	5.14393279989356	8.96518819840948	12.0607446258151	14.7270855981101	18.224323401178	21.5805237069886	28.6855025100436	35.4675515900265	41.8588109748503	47.8041713850401	53.51947270574	59.132509155874	64.6348711818479	70.0186733792332	75.2762483973137	80.3999411005572	85.3819611558224	90.2142703103502	94.8884902698022	99.3958224324314
EST	7.1874	6.77525068975784	6.13814062113854	6.43905709270174	6.89884870850737	7.87641732090186	8.85214455115293	11.5169731917548	14.1141462119978	16.6660273276504	19.1864137570714	21.1163523350277	23.007529624153	24.861042515787	26.6772388107759	28.4559288432181	30.1965163491192	31.8980808886184	33.5594299848514	35.1791315791694	36.7555331817823
CZE	62.5508	58.5659916466091	52.0034824349992	53.8845263007344	57.4415030691226	65.2224556088305	73.1106635794435	94.1494328412048	114.330857418129	133.875471373614	152.914564458415	167.485043825037	181.670393807837	195.481774163493	208.922843975258	221.991884300505	234.683111203574	246.987503125966	258.893324716108	270.38645340828	281.450572723447
BLR	16.6544	18.2027642761904	24.3073436730195	30.1691622981563	35.4252611281025	42.7319821755385	49.6860605199198	65.5590900426901	80.6944202643954	94.9986159753713	108.388450658616	120.750025627304	132.835784893056	144.629568549843	156.115187765397	167.276097928714	178.095161438729	188.554460623287	198.635138113021	208.317250929659	217.579629460015
BIH	5.4967	6.32264093544945	9.42380509504265	12.1735293613627	14.7057286101429	18.0797236770371	21.3900651212316	28.5492418800211	35.5389324337099	42.3207326947912	48.8637872873157	54.540197639419	60.1020581025455	65.5417806720163	70.8519592420753	76.0251668236866	81.0538142889704	85.9300443784953	90.6456459972269	95.1919798310803	99.5599096341358
BGR	15.1921	16.1366747465982	20.1650898565146	24.2472749581476	27.8366792792428	32.9436996613527	37.6162103262724	48.981515122022	59.4809169216014	69.036826726989	77.573781925672	86.2594377709922	94.730810581627	102.976658145483	110.98542542867	118.745091016059	126.243046813566	133.46599507107	140.399853429641	147.029662201439	153.339489992748
AZE	7.8524	10.0638744217525	18.388052713746	26.1869664024679	33.9680977824792	44.0023736602657	54.6253219863358	75.5191302948294	97.3419129608666	120.060792600698	143.676282698012	163.609233613182	183.967648651843	204.762045117611	226.006172721887	247.716415748542	269.911456375017	292.612098098671	315.84119289632	339.623639696597	363.986435180753
ARM	2.8806	3.6509710455791	6.34372008164363	8.66272397872292	10.7913905559755	13.4887028354848	16.1557281959038	21.6961835143637	27.1342741940378	32.4316363967914	37.5591254658609	41.701004617504	45.674647651188	49.4693664462945	53.0746391223182	56.4798471032277	59.6740899001206	62.6460441674147	65.3838479320985	67.8749985221385	70.1062569281986
ALB	4.5969	5.23456593534726	7.85301622477163	10.5306005105474	13.2294248058682	16.8492134012569	20.6686089257205	28.3937252933934	36.4292134305974	44.7734695215104	53.4331639213661	60.3470003518016	67.3206426343869	74.354706590378	81.4504532174077	88.6096386907707	95.8344249831102	103.127327201448	110.491184249654	117.929145049899	125.444665703003
PSE	14.4043	15.0986724199081	19.2095078053479	24.5062280719559	29.9724042142635	37.4710253785808	45.2591325959089	67.0494955312163	90.1121171779744	114.259108101164	139.338105135662	166.297553203769	194.012416298984	222.439642486267	251.540323048881	281.27897989881	311.623043148388	342.542454393093	374.009356113318	405.997842033659	438.483751944145
QAT	2.7653	2.96506866456217	3.65995057127172	4.4414535107502	5.20803037835853	6.13226093554712	7.0376946811224	9.85852127429354	12.6086901320224	15.2954950855234	17.9258316997835	20.6544733229527	23.2836913482007	25.8162792985638	28.2553650889779	30.6042375977184	32.8662369153936	35.0446844905516	37.1428388363409	39.1638679099481	41.1108325185831
ISR	120.9153	117.067537362832	106.8916444825	103.938675223197	102.415797776857	105.613206514612	108.503281075682	138.804283197773	164.136460010133	185.906936949687	205.046519781017	224.08249198973	240.906263550234	255.923307677379	269.441406284255	281.698725707058	292.882708204385	303.143105862871	312.601173908432	321.356283647844	329.490763642751
IRQ	19.1484	27.008529953491	61.9237385744482	99.8160509675486	138.18679031772	184.313512853133	232.25174766989	352.076031688745	480.75032008384	616.518355774152	758.096251474541	906.458468289349	1057.28976276743	1210.10853587737	1364.55111727214	1520.33772794715	1677.24959038046	1835.11314706105	1993.78893858365	2153.16361141088	2313.14407377568
YEM	10.8646	17.0298734252519	46.4299025581087	78.4124754386707	111.56101756591	153.078878179043	197.16062835796	307.778809955307	430.686559335574	563.927735002033	705.960155780453	889.383971366761	1088.3359107179	1301.98857597688	1529.58210787654	1770.41489268352	2023.83640047115	2289.24147643309	2566.06566308389	2853.78128060846	3151.89408293285
SYR	20.7270	25.7668227869697	49.7984365252913	73.1328535255966	95.7069187493442	122.065352238904	148.518276555783	217.520425578162	288.35429873966	360.345247127637	433.072385637615	508.865226445318	583.693628478923	657.38416568286	729.828060882157	800.960851165988	870.74886282496	939.180013088674	1006.25743521342	1071.99498911881	1136.41405713782
SAU	214.9350	213.04492152733	216.612967334932	233.601181827245	251.785472193664	280.781578733684	309.224900185199	418.2683452364	520.274576001019	617.111673390169	710.035684960619	809.579157173469	905.880057757962	999.469413462319	1090.75444307443	1180.05382162879	1267.62143736029	1353.66280652568	1438.3466718252	1521.81336278798	1604.18093108476
OMN	22.7064	22.1466825681936	22.288782346602	24.0134963998746	25.8615769140233	28.8216318106148	31.7231267188078	42.8999028128103	53.3481948978681	63.2599334965784	72.7644196236711	83.7122948420572	94.4810070823489	105.111608381604	115.634723780227	126.073589121642	136.446091419859	146.766173457513	157.044821852881	167.290775539925	177.511042499033
LBN	19.8479	19.9994235283769	21.5709507257068	23.9514328636015	26.2350893712061	29.4432458144114	32.4632193131662	43.8722857606669	54.3440621020784	64.0430693585568	73.0945703804735	83.1591583817532	92.6446144339919	101.586153686203	110.015138240572	117.959829001638	125.445923505617	132.496953957839	139.134590866868	145.378880949586	151.248437966667
KWT	43.4698	42.9923943739849	41.1705800150282	41.7155324486741	42.5971892455048	45.2794389358332	47.796169810004	62.6465045587843	75.7517419308672	87.5845478011104	98.4610940968622	107.455555363877	115.329679632796	122.277725817041	128.447873623011	133.95541079439	138.891611491112	143.329866008821	147.330007880713	150.941429499726	154.205365595613
JOR	10.5540	11.866813994805	18.8421198399338	25.1029588815186	31.0612988948607	38.6060584616343	46.1589737094426	66.6397479790988	87.3608468546942	108.198767590247	129.080842888432	151.319821527261	173.304426746921	195.000770657735	216.38838680637	237.455969470595	258.198542969059	278.615539281136	298.709468091859	318.484982254419	337.948212559953
IRN	126.3234	140.688002662697	210.388617700535	280.085647200297	345.204165857104	417.859785376763	487.528581809607	690.878618457873	889.83532092964	1083.77772914579	1272.598810423	1475.21541513077	1670.47559503072	1858.18597272472	2038.3004242227	2210.87003300025	2376.0101091946	2533.87802118814	2684.65805673937	2828.55095699124	2965.76661691291
BHR	9.9158	9.68652803451113	9.13036005769594	9.18255620216226	9.32674520519814	9.85958046583367	10.3620196432358	13.4673935918455	16.1602269782547	18.554072769236	20.7245789087451	22.8167619196414	24.6905728893421	26.3807824881316	27.9141271191532	29.3115915708605	30.589947325657	31.7628158906936	32.8414205008163	33.8351282783921	34.7518483703104
ARE	95.7860	94.939489460029	90.0308665307181	89.1163827795075	88.9629289290654	92.7057216856022	95.9893770295053	124.027559172666	147.875305262343	168.626844484408	187.021060925747	199.575329299423	209.603418059879	217.613477118089	223.988280555246	229.02148482576	232.94200574275	235.930819854039	238.132800535941	239.665219541328	240.62396017064
CHN	1909.9073	2005.03384244021	2788.6904526781	4190.9411147712	5585.81998660835	8432.65123828577	11259.2633341949	13591.7541979759	15907.9118839253	18207.7665196482	20491.2311261348	23018.3780189431	25536.600595224	28045.6319244704	30545.1551280871	33034.811376981	35514.2041358165	37982.9011328267	40440.4348650621	42886.3020970766	45319.9626168939
PRK	15.0449	20.0787808732116	39.1428924107329	63.9536943948742	88.2366760965849	136.382474410047	184.845507006306	225.868884997771	266.815427177596	307.639746475935	348.31337701209	395.066873940247	442.286441500796	489.978101493543	538.15233148102	586.822998348224	636.006729936574	685.722547106567	735.991658326814	786.837360748386	838.285014731096
VNM	41.2449	61.937426001978	141.092635951306	245.216624777145	354.569019353766	567.72417882817	794.411957699511	1001.42007403703	1219.18909939263	1447.69815164908	1687.00389930476	1921.54544612667	2160.1465640926	2402.90218030135	2649.93612374688	2901.39531644789	3157.44648187985	3418.27436199209	3684.08088833797	3955.08499149459	4231.52286432595
MNG	1.1626	1.80044169152089	4.15160128213304	7.21507171853876	10.4043156122368	16.542695758838	22.9892781090837	28.7904480232531	34.8255165191709	41.0921029963703	47.5902518823733	54.066198159946	60.6173982560368	67.2446748918797	73.9496051307216	80.7343359302169	87.6014750007654	94.5540263895621	101.595353932201	108.729162916395	115.959494260366
LAO	2.1881	3.66387433448429	9.26981901496759	16.7481535130126	24.881070035808	40.7595096600752	58.1702174764227	74.4184354436045	91.846180783332	110.457933876696	130.264077814699	151.15196300139	173.069745270118	196.05608092052	220.153558830305	245.40842078417	271.870474941488	299.593131334939	328.633521072764	359.052678240275	390.915773143574
KHM	4.6788	8.43977768246687	22.4569039147465	41.2588948835834	61.9517351579777	102.609619184427	147.796334903726	192.363969018448	241.167281804079	294.240315061959	351.631417665599	410.031371892346	471.72484996944	536.838354484647	605.51029153566	677.890312569522	754.139185735146	834.429005909799	918.943641077205	1007.87935958215	1101.44560895278
USA	10763.8602	10949.1911262728	11934.511662356	13027.1641377555	14119.816613155	15397.133356819	16674.4501004831	17732.7696884615	18791.08927644	19849.4088644184	20907.7284523969	22225.8446661613	23543.9608799257	24862.0770936901	26180.1933074545	27498.3095212189	28816.4257349833	30134.5419487477	31452.6581625121	32770.7743762765	34088.8905900409
IMY	1.5637	1.57773397394618	1.66214832580607	1.7644528481422	1.86246472744432	1.98797033184801	2.11026133918038	2.12153091273358	2.13109509399248	2.13895386591596	2.1451109585351	2.28433857405072	2.42334855337018	2.56215352358654	2.70076328483841	2.83918534634828	2.97742533461956	3.11548730718016	3.2533739955835	3.39108699473877	3.52862691101655
CHI	3.1289	3.15301535663342	3.32500320502399	3.5241928546031	3.71659445598686	3.95243881169181	4.18195734419272	4.21107025374532	4.2387142322722	4.26473135405449	4.28900036198827	4.55797405381188	4.82617680229432	5.09366315363967	5.3604763986976	5.62665074622151	5.89221298056493	6.15718373867285	6.42157850215696	6.68540837344331	6.94868068630952
VAT	0.0209	0.021063734105029	0.022077251317629	0.023333567576564	0.0245364644517293	0.0261032690093548	0.0276282516642097	0.0281551072372169	0.028683763015865	0.0292133086090307	0.029743022469102	0.0319697185329065	0.0342417242982741	0.0365609693783338	0.0389293955226834	0.0413489724506067	0.0438217111827796	0.0463496756218576	0.0489349929236254	0.0515798630580982	0.0542865678617931
LIE	0.7263	0.73212943219512	0.789965139271982	0.870353464055924	0.952445309081447	1.05283153452412	1.15618819555818	1.19980900971202	1.24427684371452	1.28955932523528	1.33562907821634	1.42008813036968	1.50432585588431	1.58835662482718	1.67219173905313	1.75584002007192	1.83930825714056	1.92260155211823	2.00572358703364	2.08867683305244	2.17146271447172
GRL	1.1725	1.18218982170957	1.285036161571	1.40653653474098	1.52974294584294	1.64241354932196	1.7540057785623	1.78922514976458	1.82443752955057	1.85960326686794	1.89469112298277	2.01558537027478	2.13623595795977	2.25666214179782	2.37687936530336	2.49690000297507	2.61673392770211	2.73638894837482	2.85587115039751	2.975185162656	3.09433436812221
GIB	0.5653	0.570823006657266	0.603503552867861	0.642582192781175	0.680034407574507	0.727493241031112	0.773768389124916	0.77829338719964	0.782013862040962	0.784948411982991	0.787113462747108	0.839021655687333	0.890856724764763	0.942619143254105	0.994308911221396	1.04592563025721	1.09746855933256	1.14893665662738	1.20032861076847	1.25164286394377	1.30287762868303
FRO	0.9980	1.0059579755605	1.0989853440732	1.19701694440551	1.2959964661477	1.40534652338248	1.51554497714569	1.56601304942762	1.61734923353669	1.66950951798172	1.72245730609065	1.83264996748339	1.94275555267955	2.05279947554829	2.16280344418634	2.27278624459865	2.38276434317015	2.49275235568805	2.60276341687083	2.71280947489414	2.82290152881324
AND	1.3988	1.43222106899623	1.55637355811552	1.65775668447103	1.75492426091917	1.85286663486357	1.94455329778654	1.94293275835524	1.93863467386106	1.93172061520697	1.92224499173092	2.05033474963015	2.17840818583218	2.30647049478064	2.43452612182597	2.56257892216349	2.69063228305351	2.81868921900354	2.94675244679491	3.0748244453182	3.20290750384579
SPM	0.1256	0.126578606994824	0.132643589941771	0.140168519513007	0.147373311521776	0.156764229547502	0.165904073265343	0.169050988779815	0.172209863384002	0.175375058368657	0.178542102892615	0.188697619538209	0.198670318629242	0.208457661892474	0.218056398560116	0.227462648176328	0.2366719599794	0.245679354697302	0.254479352877019	0.263065992687294	0.271432839308966
ITA/SMR	1114.9575	1130.2891021836	1206.34269386061	1282.89715871977	1355.52562951183	1439.32166809319	1518.99256448902	1537.15060613151	1553.85748956004	1569.17167403518	1583.14242419975	1665.90570833182	1745.10465399015	1820.62006935826	1892.32768525548	1960.09782102373	2023.79503894652	2083.27778325254	2138.39800027244	2189.00073660759	2234.92371230216
FRA/MCO	1415.4792	1431.16664774535	1517.83150377801	1615.94171618379	1713.43353709839	1832.05666675771	1950.35385895784	1986.26502333315	2023.5435122415	2062.0016055577	2101.48833559163	2234.05983780516	2367.41754223578	2501.66632242968	2636.9022352111	2773.21479115738	2910.68872566035	3049.40540420908	3189.44395708681	3330.88221233018	3473.79747747614
TUR	229.3015	268.944235135809	476.087100358398	698.649721814901	933.849193917438	1186.7754652998	1452.64471073927	1646.14252837416	1835.78292470876	2022.50810092162	2207.06919395123	2464.54725831685	2726.59108582749	2992.90807883721	3263.26844806499	3537.49319288866	3815.44494050927	4097.020896754	4382.14737780853	4670.77554071045	4962.87803392513
SWE	259.4895	260.590105261035	269.939614537815	282.944713679192	295.883517522192	312.948413822284	329.96073480636	333.458932168378	337.436878327719	341.829524155654	346.58454300516	364.787601938724	382.973106250094	401.168592705031	419.398016860978	437.682537620077	456.041122086695	474.491018224738	493.048129095123	511.727313049945	530.542627713304
PRT	108.5196	112.981296648626	135.069976818965	156.340483959548	176.945440433679	197.790245332406	217.889039820195	228.010189878003	237.123555090056	245.341801755416	252.755948799738	273.127227129829	293.229888574886	313.025777563123	332.48004475252	351.560306322315	370.235988740983	388.47780942588	406.257357977819	423.546752451852	440.318351927004
NOR	179.0744	179.41813019499	182.990341423814	189.066878159016	195.071889936173	204.120490186869	213.070226278716	212.613441448427	212.606241535841	212.983219324442	213.691832124251	221.354388034625	228.863327182183	236.245615803038	243.523941917881	250.7175983747	257.843160340062	264.915011306678	271.945756048823	278.946548233588	285.927352928064
NLD	380.1360	383.95343943903	401.44656540743	422.78403560518	443.58783199647	473.089381984004	502.393244978747	509.076217340923	516.055185399254	523.277702486514	530.701778923958	564.322324297086	598.166600764816	632.262080201643	666.634025449978	701.306070119138	736.300671417435	771.639470038435	807.343581339754	843.433835349297	879.930978471805
MLT	3.7862	3.96808082806971	4.84220106809757	5.76661166620827	6.68900713025117	7.66915312638757	8.65176071958191	9.20129146288997	9.71904777658192	10.2092591207337	10.6753290226147	11.7077424028335	12.7569634999339	13.8224060124202	14.903652788359	16.0004252987716	17.112560500138	18.2399931645038	19.3827423133559	20.5409007741043	21.7146271447172
LUX	21.9483	21.9778540482272	22.6451875259067	23.6639000141896	24.6527873044434	26.2111072182794	27.7451721257346	28.2378816357453	28.7506715862629	29.2807443082596	29.8258505218349	30.7761563965627	31.7076675251412	32.6250087776057	33.532113972344	34.4323709718298	35.32873316232	36.223806172183	37.1199161239109	38.0191639595368	38.9234691569057
ISL	9.2593	9.34242146984059	9.76765844811984	10.2797771136392	10.7927990494673	11.387641773244	11.9810161430505	11.9956812422662	12.0313422590941	12.0848803424653	12.1537910381718	12.7072060177425	13.2549428081517	13.7980876808603	14.3375574519081	14.8741346243484	15.4084943610794	15.9412254378217	16.472846704365	17.0038201558986	17.5345614193592
IRL	116.1330	118.208361744759	130.946117756055	142.252325813675	153.764841267519	166.416004052906	179.308049909398	184.991061969968	190.936329715841	197.122310209524	203.531447027726	213.736146248214	223.866231893286	233.936053614361	243.957724790678	253.941586428535	263.896563225733	273.830440177531	283.750079895146	293.66159518061	303.570487483147
GRC	132.2446	136.248884032031	157.125693327479	178.19771455321	198.58460741842	220.321063086398	241.470531196994	252.368832737075	262.500845422662	271.956695811574	280.809106266354	300.770775106868	320.161976556773	338.936110812485	357.04924571848	374.459293880599	391.125363747464	407.007237527983	422.064942320067	436.258390076627	449.547068463509
GBR	1578.2800	1589.26169448837	1658.29544411172	1749.01455604139	1839.24701410171	1954.33947532682	2069.17284398705	2098.60903762175	2130.4633186303	2164.41195387514	2200.19445986102	2334.96193342894	2471.12778472595	2608.86539193202	2748.33411480467	2889.68296530894	3033.05347399249	3178.58196757106	3326.40141122936	3476.64292668514	3629.4370675359
FIN	131.4677	132.257314344532	137.779691250769	144.498995609592	151.080546756234	158.966637557009	166.654992452654	167.056166339809	167.587272383557	168.221174602275	168.936198437159	178.893101733153	188.877082408373	198.897965392079	208.964486335813	219.084543494377	229.26539272144	239.513800679039	249.836167005846	260.23862320399	270.727113926762
ESP	655.0066	676.713541541382	769.385162148633	854.847744673858	939.501921945115	1027.71919225075	1114.60691633275	1155.9641343182	1195.7729965457	1234.22612077533	1271.47873252852	1352.64575230165	1431.53671696847	1508.01447833474	1581.94636396645	1653.2022575611	1721.65306186442	1787.16943849082	1849.62074910683	1908.87414303405	1964.79375062188
DNK	166.1059	166.501548156215	169.420067230389	173.917581261845	178.266263884436	185.207883228099	191.938290298914	190.332274486289	189.060393305457	188.066102463573	187.304098699701	196.477985948681	205.614524757823	214.730369263408	223.839856588817	232.955503822589	242.088390521553	251.248456944613	260.444739495953	269.685558872208	278.978672241755
DEU	1956.0876	1966.88202239339	2025.03287268632	2098.1805294142	2166.12577423976	2256.59573008015	2340.99891615104	2327.85800758477	2315.22804664242	2302.78438302241	2290.26999660897	2429.84166892203	2569.77413360404	2710.17423256021	2851.13733726706	2992.75003207549	3135.09219329257	3278.2386245658	3422.26036281382	3567.22573722232	3713.20124174665
CYP	10.2734	10.6689912386648	12.7515656458791	15.0998050400116	17.5482028350169	20.2940037582188	23.1628987807449	25.086791903225	27.0295107896781	28.9941033584145	30.982930740873	33.5384619964783	36.101574869035	38.6701357693779	41.242323755098	43.8165645094897	46.391479592468	48.9658469388525	51.5385697426364	54.1086516635564	56.675176847712
CHE	253.7607	254.181716922318	258.55643548364	266.156216875696	273.641113657833	285.469789362925	297.121569106176	296.644014749492	296.753628789955	297.363597459327	298.404202812259	308.257278793056	317.690529463353	326.73183285633	335.403168636857	343.721750535461	351.700889689095	359.350659241905	366.678410174906	373.689174349558	380.385981007584
CAN	789.3866	800.317589023806	860.89362485098	932.561472004355	1005.40127434807	1092.14011686634	1180.60580520458	1218.39613399487	1257.62984938521	1298.19360662674	1339.9948958421	1419.55655182205	1499.30924693001	1579.32592935476	1659.6714030515	1740.40420632425	1821.57806587615	1903.24303899096	1985.4464240168	2068.23349704847	2151.64811720217
BEL	241.9099	244.084914532245	255.576068473577	269.174976389393	282.430578474616	299.207855457314	315.654093746081	318.435625166682	321.364687109873	324.406777713037	327.534377791971	348.072568203376	368.718172067936	389.487163606454	410.39410432949	431.45249925246	452.675074365115	474.073996394062	495.661049841977	517.447782137423	539.445624842638
AUT	203.3065	204.988411306878	214.715836220819	225.039720433596	235.101013553639	247.931524966707	260.471528823012	261.647632940963	263.005455895454	264.506656298126	266.120613496115	279.503047307518	292.609372367098	305.445461516545	318.014884164557	330.31930269057	342.358771471837	354.13196374933	365.636344219967	376.868300213325	387.82324080465
MMR	48.6584	51.1678585602544	66.8352911280387	89.4296004429596	110.891914924947	147.661570808999	183.032136495343	227.970903119426	271.194919498581	312.828963787968	352.991799340489	396.402704477393	439.21513956568	481.433179814297	523.05944331241	564.095557051968	604.542454458368	644.400571460046	683.669979290472	722.350476623231	760.441654862057
BRN	0.3703	0.395908564826073	0.550299504200457	0.777009090111331	1.01004226353523	1.40373290547347	1.80894486738724	2.35317877764746	2.91622215921273	3.49630484222544	4.09191103188383	4.63729470175674	5.18541463783606	5.73632699982898	6.29007431116094	6.84668983669675	7.40620037774952	7.96862811402562	8.53399185127219	9.1023078869246	9.67359062358841
AFG	23.1761	25.2964006769478	39.2664968499476	60.1067639547465	83.1236462705556	124.367557822223	170.205910935146	236.397585193085	309.718402525481	389.552717786927	475.355355172124	554.030298880857	636.529345272812	722.861662512369	813.036174109464	907.061644935412	1004.94673617083	1106.70004154549	1212.3301119126	1321.84547232488	1435.25463416107
WLF	0.0160	0.0165918529844287	0.0218385563419339	0.0288576322771234	0.0354510238032179	0.0458494411900625	0.055278719342318	0.0681499640691784	0.0802766504531898	0.0917193406307926	0.10253298983165	0.115883445219987	0.129242867255275	0.14261349647418	0.155996970597185	0.169394517831852	0.182807080288739	0.196235395313148	0.209680050574644	0.223141522288712	0.236620202303601
TUV	0.0101	0.0105445741836349	0.0145874565789677	0.0188582943583584	0.0226013069908893	0.0306617325881981	0.0386657239730694	0.0477520554524783	0.0563249198618054	0.0644224377696139	0.0720805734888561	0.0815248434018574	0.0909787287778843	0.100443099004659	0.109918593161249	0.119405693882707	0.128904774519556	0.138416130216187	0.147939998961648	0.157476576194936	0.167026025155483
TKL	0.0035	0.00332472724818849	0.00303005501982893	0.00323286626954992	0.00340322203023109	0.00401911332140627	0.00452041686238374	0.00527487593738736	0.00594222582969696	0.00654259420228273	0.00708933213789011	0.00780158487165861	0.00850260609652194	0.00919507605153734	0.00988094097522317	0.0105616484314692	0.0112382975549502	0.0119117380634878	0.0125826373232564	0.0132515268791412	0.0139188354296236
NRU	0.0101	0.0105445741836349	0.0132613241626979	0.0180010991602512	0.0226013069908893	0.0293286137800155	0.035443580308647	0.0437727174981051	0.0516311765399883	0.0590539012888127	0.0660738590314515	0.0747311064517027	0.0833971680463939	0.0920728407542707	0.100758710397811	0.109455219392481	0.11816270997626	0.126881452698172	0.135611665714844	0.144353528178691	0.15310718972586
NIU	0.0020	0.00209067973769224	0.00131928935360489	0.00170829209953434	0.00204924837728726	0.00266080438060183	0.00321692971583626	0.00397413499058599	0.00468872933584169	0.00536382138955022	0.00600236659523405	0.00678968936814072	0.00757786175412075	0.00836694572909849	0.00915698694732579	0.00994801997640529	0.0107400716396351	0.0115331632186362	0.0123273119452922	0.0131225320368756	0.0139188354296236
MNP	0.0800	0.0854974560753549	0.117641538795463	0.165497160738081	0.214566069801015	0.298233036610434	0.38440555895825	0.507406311249302	0.637064863723651	0.772787259023027	0.914054273885666	1.03157028276627	1.14872423155788	1.26552888932545	1.38199334721988	1.49812419703861	1.61392628368324	1.72940320102991	1.84455762780077	1.9593915605922	2.07390647901392
COK	0.0147	0.0152729866300615	0.0175955606700818	0.0208654029952158	0.0228396063538075	0.0295676761535971	0.0356729940464393	0.0450016853571227	0.0542086915557662	0.0633019129382073	0.0722892708730461	0.0817191273385329	0.0911562796916253	0.100602100026567	0.110057592334605	0.119523510546079	0.129000433895297	0.138488816586399	0.147989021434217	0.157501343204651	0.167026025155483
ASM	0.0610	0.0650492971010352	0.0921271395052882	0.130047796920129	0.16866057006793	0.23659826317241	0.307236239817823	0.396751168934285	0.488308845644881	0.581687746991242	0.676707715974843	0.764427540881234	0.851944995889179	0.93926270822696	1.02638247337021	1.11330552133241	1.20003268667841	1.28656452056252	1.37290136661532	1.45904341359314	1.54499073268822
GUM	0.1641	0.174898796178351	0.236062247846836	0.324099959127948	0.410652941815319	0.558790272331445	0.706411627538781	0.8948245428864	1.08177079076942	1.267267417512	1.45136841060926	1.64266220129756	1.8343326979288	2.02639228424119	2.21885020406288	2.41171356883088	2.6049880008516	2.79867805721552	2.99278751693534	3.18731958016756	3.38227700939854
TMP	0.3285	0.458324407203548	1.08938953875976	1.95758821169584	2.9443740305965	4.62554089089987	6.5431623194699	9.34120745932785	12.4978002418537	15.9811979543886	19.7635680288349	22.6018475911328	25.4649201551908	28.3506190803783	31.2573802934974	34.1840491321108	37.1297570224866	40.0938402099614	43.0757847117342	46.0751881247965	49.0917325602825
PLW	0.1272	0.118646928203123	0.104730589781774	0.107005051081027	0.108947693562374	0.128179431242791	0.144278547792817	0.165691627722939	0.184405645466684	0.201223312651242	0.216653338685905	0.23293902651976	0.248573354229951	0.263703885650592	0.278437753961582	0.292854623985617	0.307014968053841	0.32096551983595	0.334742968446837	0.348376521446019	0.361889721170214
MHL	0.1043	0.104408525338996	0.120298721032488	0.15416464298509	0.188727696566466	0.24722425624917	0.304330520855797	0.377051425119067	0.448103742294404	0.517902196392379	0.586718013085436	0.655341226487233	0.723355907386023	0.790852273097066	0.857895699129875	0.924534683199611	0.990805929902028	1.05673770153397	1.12235208774236	1.18766658022264	1.25269518866613
KIR	0.0520	0.0607546533641498	0.103036004108705	0.155961909657658	0.209366386217525	0.299062334417048	0.392578863816713	0.510605784439385	0.631260906513339	0.754052004807489	0.878637319063629	0.997451873154603	1.1162210795278	1.2348852662349	1.35340092956095	1.47173554979162	1.58986428130257	1.70776777131209	1.82543068242913	1.94284066758375	2.0599876435843
WSM	0.2534	0.256880836101673	0.303847987274035	0.384692861436064	0.460549899598553	0.604097249669842	0.741599677167893	0.903734374565183	1.05442929410281	1.19499290419458	1.32647015230022	1.51756981850883	1.7138757889307	1.91548229359429	2.12246104319149	2.3348684599295	2.55275029416134	2.7761446668067	3.00508413015061	3.23959709767943	3.4797088574059
VUT	0.2387	0.251538471467119	0.343313124036109	0.485533217111196	0.634856415490808	0.895731692383969	1.17059457669239	1.53921464277207	1.92668779338984	2.33143808660624	2.75205146971759	3.14048890068639	3.53653293662721	3.94028237412872	4.35181365932262	4.77118806933818	5.19845629741379	5.63366147456479	6.07684121634252	6.52802904294595	6.98725538567106
TON	0.1711	0.169226179036	0.185401101391112	0.226004160366673	0.263917297638915	0.340799483675359	0.413615053384194	0.50930777533263	0.601412829622247	0.690572820036828	0.777238713524644	0.872097988128942	0.966781437057712	1.06138994616495	1.15599691794553	1.25065708338443	1.34541212794328	1.44029439911102	1.53532941768455	1.63053762011628	1.72593559327333
THA	150.0618	146.272998272252	148.304783812561	170.518821669183	190.875538285814	234.721012949726	273.190812192412	323.331113619746	368.163503801204	408.638620019687	445.423616130474	491.311852794592	535.931896660804	579.394443381739	621.779402010968	663.145763832536	703.537903175362	742.989729670451	781.527500742382	819.171772932092	855.938784744704
SLB	0.2961	0.340065434464211	0.571073537528912	0.878203203922931	1.20101167030379	1.73815355088374	2.30973969911143	3.06983560202082	3.87190268031413	4.71131036372404	5.58431510881246	6.4155389209249	7.26587079510169	8.13508407097447	9.02302481383462	9.92958853388233	10.8547053226178	11.7983300577962	12.7604357689647	13.7410090345432	14.7400467199714
SGP	102.4622	95.4009517087999	78.442582488961	75.2893810170717	72.1160690416389	77.1491774207569	79.2128410579683	82.3179843627206	83.0440114812462	82.2614807798875	80.5053049131429	79.287541960731	77.5177016558384	75.3446291021542	72.8764492636297	70.1936222779664	67.357278710094	64.4147125198892	61.4031016791009	58.3520895645274	55.285614326465
PYF	3.9196	3.66463807790695	3.07907446175956	3.06399091426326	3.03904640579635	3.36072527092282	3.56574699886657	3.88828790560772	4.11721456652294	4.28220911722044	4.40189260823759	4.50665943154637	4.58572268463559	4.64480609752995	4.68806491218701	4.7185887478059	4.7387226585604	4.75027871198554	4.75467929984187	4.75305656828565	4.74632288150165
PNG	3.4859	4.06692788627834	6.96012796978717	10.6706994025818	14.4953140052606	20.8619052819761	27.5700385500678	36.3812617829799	45.5807361004602	55.1195417305597	64.959819930676	74.7571908385753	84.7987383671509	95.0813255338085	105.602809982448	116.361725552232	127.357078974852	138.588215898889	150.05473014418	161.756400743354	173.693147326273
PHL	88.5482	93.7280540920163	127.092828057655	176.573879586643	226.92142405703	311.842680569158	398.123030233803	508.910169665021	620.779128815919	733.622049785546	847.348542876794	959.031787001659	1071.10617390879	1183.59096993178	1296.50044204257	1409.84546160891	1523.63452832788	1637.87444500589	1752.57077461876	1867.72815742672	1983.35053570879
PAK	86.0709	101.031023172908	175.846910842416	274.147571247037	376.621904106853	542.509718753497	717.13333446097	947.772893408373	1188.85226668739	1439.04184914066	1697.31611621336	1964.42443723787	2240.46971030472	2525.37277488364	2819.08119766909	3121.56072052017	3432.7898004082	3752.75601128364	4081.45360697163	4418.8818303486	4765.0437151545
NPL	6.1469	9.34145155290082	23.723836398761	40.7657250172151	58.5763906230884	87.0525604229752	117.558336662642	158.269869458571	201.473508139146	246.844276846757	294.133346212689	341.133987376982	389.616321218342	439.550559444357	490.915867536495	543.697496767114	597.884953127097	653.470790651624	710.449794098988	768.818411896087	828.574354290064
NCL	2.7291	2.56280357788947	2.21494497610466	2.2503120725042	2.2770497009643	2.58643955239782	2.81566529166959	3.1554113122508	3.43129058490965	3.66261113221816	3.86157686394449	4.00965418978236	4.13782455129398	4.25039997449617	4.35051053158562	4.44048328032359	4.52208420042628	4.59667763065216	4.66533426218613	4.72890606526896	4.78807938779052
MYS	106.7904	102.709282504721	98.8289476266031	110.501207916297	121.887071602259	148.837900070783	173.131470830817	205.885804103419	236.524698107075	265.69102685072	293.790789438206	321.189280306957	348.00960297593	374.388648836258	400.42581804396	426.195039473667	451.75244493907	477.141426536527	502.396062195031	527.543492349147	552.605604226917
MDV	0.8270	0.806429263652393	0.835418758555381	1.00164753078021	1.16896297701772	1.49792446760701	1.81516557584544	2.23672390033524	2.6513095366118	3.06233077291018	3.47181007138621	3.93545712764961	4.41234071206363	4.90326197746669	5.40881241128826	5.9294410883586	6.46549760904984	7.01726039581622	7.58495585974069	8.16877169854542	8.76886632066288
LKA	18.6736	19.653353490166	25.5693102770585	33.7663453778279	41.2439794360672	53.6409763446523	64.9369840200002	78.7498092404025	91.1583509133984	102.268114941255	112.178123563209	125.438414035714	138.370828195927	150.975503108509	163.252346277066	175.201108600966	186.821430952521	198.112874869092	209.074943339803	219.707095225297	230.00875547453
KOR	613.1296	567.999671823787	459.482692749573	437.848485868852	417.22103388899	444.646377881597	455.281688453683	475.871524922909	482.681058769007	480.54728410164	472.459485279972	481.009302713668	486.541580892552	489.695386835188	490.934575783201	490.603964704921	488.965196644817	486.220375478418	482.528074716361	478.014444533682	472.781083038025
IND	581.2234	690.117496208776	1209.58392315746	1840.37704385125	2468.31594253004	3462.51175961222	4467.6071009474	5750.5873969374	7037.43810919438	8324.01107184965	9607.98622135155	10885.2537963881	12155.0329437465	13416.5293555029	14669.1599038049	15912.4849137829	17146.1649226491	18369.9321836796	19583.571364595	20786.9061558742	21979.7897803358
IDN	197.1762	212.351987014751	297.041467912884	410.55176042654	520.145478565964	703.35606307378	882.71476408893	1111.36233522088	1334.84296625448	1553.3110739824	1767.00693144719	1987.48579674034	2205.02290411032	2419.59190717489	2631.17188400113	2839.74559199957	3045.2983537254	3247.81732259399	3447.29098549747	3643.70881769564	3837.06103822606
FSM	0.2211	0.218132801259938	0.228605502182159	0.272081736235912	0.312748900978693	0.400837744712965	0.48415676738878	0.587327049800047	0.684377007994906	0.776420289054704	0.864235451109817	0.975686854196219	1.08869263812569	1.20339291680322	1.31989068946213	1.43826374409915	1.55857225731968	1.68086380268396	1.80517674308429	1.93154258441703	2.0599876435843
FJI	1.8983	1.85190782995996	1.89022436826566	2.18191769498625	2.44809899775834	3.04373304460421	3.57851463633357	4.26300366786643	4.88426735598536	5.45364781825134	5.97910173468677	6.60497404212335	7.21473448101398	7.80977542835384	8.39110192033165	8.95945581644622	9.51539507284265	10.059345983698	10.59163856642	11.1125311121009	11.6222275837357
BTN	0.6229	0.667658464277984	0.903826002284313	1.2518355996325	1.5997062231431	2.17124161282416	2.73896474590114	3.46683383906999	4.18840522122298	4.90385130519647	5.61345656318573	6.48533600962825	7.38951864916905	8.32611942581504	9.29524104000125	10.2969779382892	11.331418860876	12.3986485206591	13.4987487407705	14.6317992440299	15.7978782126228
BGD	55.9745	72.4865881496736	148.249795189803	238.55534115952	330.447605675927	477.001998582923	629.730880342248	827.866276594518	1032.28229450823	1241.84098932649	1455.74599617705	1664.06971516834	1874.2446994629	2086.12488820902	2299.60494727626	2514.60721440366	2731.07336425133	2948.95891564364	3168.22951110452	3388.85833557869	3610.82428715296
JPN	4746.0673	4786.64116059549	4987.3794447388	5192.14013883981	5388.99927755575	5606.4460627482	5812.47788798765	5824.82343628243	5829.70991960138	5826.69884253287	5815.3258775337	5557.79033185571	5303.5241697507	5052.53917677778	4804.85105328515	4560.47955515712	4319.44865090451	4081.78669640339	3847.5266287448	3616.7061808347	3389.36811858156
NZL	61.0375	63.2653178978288	74.6052059225736	87.7782074045878	102.290998185292	119.595269693363	138.749238978007	154.234645294717	170.842378277036	188.636961603508	207.686714063443	209.772803953949	211.172213943739	211.887515377762	211.920575348439	211.272540132527	209.943816018501	207.934047339562	205.24209150345	201.86599078359	197.802940606202
AUS	444.1047	456.119917829343	519.372065827357	594.833349425827	676.85639911068	775.99007455725	884.689012180252	970.852285148834	1063.35229642763	1162.56301774974	1268.88045786905	1262.70381757112	1253.94447360093	1242.58806905442	1228.61703649096	1212.0104737495	1192.74400603072	1170.78963312538	1146.11556053467	1118.68601307921	1088.46102942433
